307	0	1	0	0	0	0	0	0	0	1	0	0	8	0	0	1	7	4	1	0	0	0	3	0	0	1	0	1	0	0	1	0	0	1	0	7	1	2	2	0	0	2	0	0	11	5	3	2	2	0	0	1	0	0	0	2	0	2	0	0	1	0	0	0	0	0	1	1	2	0	1	1	0	0	0	1	0	0	2	2	0	2	9	0	0	0	1	0	0	1	0	0	1	0	0	0	0	2	0	0	0	4	0	1	1	0	0	0	1	0	0	0	1	3	0	0	0	0	0	1	0	0	0	0	1	0	0	0	0	1	0	0	0	1	0	0	0	2	0	1	0	0	0	0	0	0	0	0	0	4	0	2	1	0	0	0	0	1	2	2	2	0	0	0	0	0	0	1	0	0	0	1	0	1	2	0	2	0	2	7	1	1	0	3	2	6	14	5	3	0	1	3	2	0	0	2	1	0	1	
0	384	3	0	2	4	0	4	1	1	2	0	0	0	1	0	1	5	0	8	2	0	0	0	0	0	0	0	0	0	0	0	0	0	0	0	0	0	3	2	2	0	0	1	0	0	0	0	0	4	0	0	0	0	0	0	0	0	0	0	0	2	0	0	1	2	0	0	1	0	0	0	0	0	0	0	2	0	1	0	0	0	0	1	0	0	0	0	1	0	4	7	0	4	0	0	1	0	0	0	0	0	2	0	0	0	0	2	0	0	0	0	0	0	5	0	0	0	3	0	0	0	1	0	0	0	0	0	0	1	0	0	1	0	0	0	0	0	0	0	0	0	0	2	0	0	2	1	0	0	0	0	3	0	0	0	0	1	0	0	0	1	1	1	1	0	0	0	2	0	1	0	0	0	0	0	5	0	0	0	0	0	0	0	0	2	0	0	1	0	0	0	1	0	0	0	0	0	1	2	
1	8	235	24	14	8	1	2	0	3	2	7	1	1	0	2	1	4	0	2	1	0	0	0	1	0	0	2	0	0	0	0	0	0	1	3	2	4	0	7	2	2	1	2	0	3	3	2	2	1	0	1	4	0	3	3	2	0	9	0	0	1	0	0	0	0	2	0	0	0	1	0	1	0	1	3	2	0	1	0	2	1	1	1	2	0	0	0	1	3	0	9	0	6	1	0	0	0	1	0	0	1	2	1	1	0	0	5	3	0	0	1	0	0	5	2	0	2	6	0	0	0	0	0	0	0	0	0	1	0	0	0	1	0	0	0	0	0	0	1	0	0	0	0	2	0	0	0	0	0	2	0	2	0	0	0	0	4	0	1	4	1	0	0	2	0	0	0	1	0	1	0	0	0	6	0	0	1	3	1	1	0	0	2	1	4	0	0	0	0	4	0	0	0	0	2	3	0	0	3	
1	18	38	187	5	25	3	7	1	5	3	4	1	2	1	5	0	2	0	8	2	0	0	0	0	1	2	3	1	0	1	1	0	2	6	0	2	7	4	9	2	1	1	2	1	4	4	2	0	2	1	3	2	3	1	0	5	1	6	0	0	0	0	2	0	0	0	0	0	1	0	0	0	0	0	0	1	1	2	0	0	0	2	1	0	2	0	0	0	1	1	10	0	6	0	0	0	0	1	0	0	0	0	0	0	0	1	1	0	0	0	0	0	0	3	0	0	1	2	1	0	0	1	0	0	0	0	0	0	1	0	0	0	0	1	0	2	0	0	0	0	0	1	0	3	0	0	0	0	0	2	0	1	0	0	0	1	1	0	0	4	0	3	0	0	1	0	0	0	2	0	0	0	0	4	1	1	0	3	1	0	1	0	2	1	9	0	1	0	0	5	1	4	0	1	0	1	0	0	2	
0	14	14	4	186	11	4	3	0	3	7	10	3	0	1	1	4	3	0	6	4	0	0	0	0	0	0	0	0	0	0	0	0	1	2	3	0	0	1	3	2	3	0	0	0	0	15	0	1	3	0	2	2	0	2	1	3	0	2	0	0	0	1	0	0	1	4	1	0	0	2	0	0	0	1	0	1	2	10	0	0	0	0	0	4	3	0	0	0	0	0	16	0	4	2	1	2	0	0	0	0	1	3	2	0	1	0	1	2	0	0	1	0	1	8	1	0	2	5	0	0	0	2	1	0	2	0	0	0	5	0	1	0	0	2	0	0	0	0	0	0	0	0	0	1	0	0	0	4	2	3	0	12	1	2	0	0	1	0	0	2	0	7	0	5	0	1	1	0	1	4	0	0	0	0	0	0	0	0	0	0	1	1	0	0	0	0	0	0	0	2	0	1	0	9	5	6	3	4	1	
0	3	1	9	2	194	1	6	0	0	9	2	1	2	2	1	0	2	1	6	1	0	3	0	1	0	2	1	0	1	0	0	1	4	2	1	0	0	0	8	1	2	2	0	0	1	2	2	1	3	0	2	2	7	0	1	1	2	5	0	0	4	2	0	0	3	0	0	0	1	3	0	0	1	0	0	1	1	1	1	0	0	2	2	2	1	0	0	4	2	3	17	0	3	1	1	2	0	5	1	0	0	0	0	2	1	0	1	10	0	0	1	2	1	6	1	1	1	5	1	2	0	1	2	1	4	1	1	1	2	0	5	0	0	1	1	8	2	0	0	0	0	1	0	13	0	0	0	0	2	1	0	1	1	0	1	2	1	0	1	1	0	4	0	3	2	0	0	0	4	1	0	0	0	1	0	3	0	1	2	2	2	2	1	0	4	1	1	0	0	2	0	1	0	5	1	0	0	1	1	
0	0	3	3	2	3	323	3	0	2	9	2	1	0	6	4	0	0	0	4	0	0	0	0	0	1	0	0	0	0	0	0	0	0	1	2	0	0	0	1	0	0	0	0	0	1	4	3	0	0	2	1	0	1	0	0	0	1	0	0	0	2	0	3	3	0	1	1	0	0	0	0	0	0	0	0	0	0	14	1	1	0	1	1	0	7	0	0	0	2	1	11	0	0	0	0	2	0	0	0	0	0	0	0	1	0	0	0	1	0	0	0	0	3	0	1	0	4	0	0	0	0	1	1	0	0	2	0	0	1	0	0	0	0	0	0	0	1	0	0	0	0	0	0	3	0	0	0	1	2	0	4	3	0	1	2	0	0	0	0	0	0	2	0	0	0	0	2	2	0	2	1	1	1	2	0	0	0	1	1	0	1	0	3	0	0	0	0	0	0	7	0	4	1	0	1	0	0	1	1	
2	12	6	5	2	18	0	162	12	4	15	8	1	8	1	3	4	10	0	5	0	0	1	0	2	4	2	0	1	0	1	3	0	2	3	0	0	5	7	1	4	11	1	0	0	0	6	0	2	0	1	6	3	3	2	1	5	1	2	0	0	1	0	0	0	0	0	1	1	0	1	0	0	0	1	1	0	2	2	1	1	0	1	1	2	2	0	1	0	0	1	8	0	3	0	0	0	1	8	0	2	0	0	1	0	0	0	2	0	1	0	3	0	3	1	0	0	2	3	3	0	0	1	0	0	1	0	0	0	0	0	0	0	0	0	0	0	0	1	7	0	0	0	0	7	0	1	0	1	1	1	1	2	0	1	0	0	1	0	3	5	1	1	1	2	0	0	0	1	2	2	1	1	0	2	4	1	2	1	1	0	0	3	1	1	5	0	0	1	3	3	0	2	0	0	0	4	0	0	1	
0	6	2	2	3	0	0	5	291	5	4	2	1	0	0	0	1	2	0	1	0	0	0	0	0	1	1	0	0	0	0	2	0	0	2	0	1	3	3	5	6	10	3	6	0	0	5	0	0	1	0	3	9	1	2	1	2	1	3	0	0	0	0	1	0	0	0	0	1	2	0	0	0	1	0	0	0	0	1	2	1	1	0	0	4	0	0	0	0	0	1	7	1	0	0	4	0	0	1	0	0	0	1	1	1	1	0	3	2	2	0	3	0	1	0	0	0	1	1	0	0	0	3	0	0	3	0	0	0	0	0	1	5	0	0	0	1	0	0	6	0	0	1	0	2	0	0	0	1	0	1	0	9	0	0	0	1	2	0	0	2	0	0	0	0	0	1	0	5	1	0	0	1	1	0	0	0	1	0	0	0	1	3	0	1	0	1	0	0	0	0	0	3	0	1	1	0	0	0	0	
0	7	0	4	1	12	1	20	5	193	14	0	2	1	1	0	3	10	1	13	3	1	0	0	2	5	1	3	5	0	1	2	0	2	4	2	2	0	4	3	1	0	2	0	0	1	1	0	2	5	0	4	6	10	0	4	8	1	1	0	0	2	0	1	0	0	0	0	0	0	0	0	1	0	1	0	3	2	0	2	0	0	4	0	0	3	0	0	1	0	3	15	0	3	1	0	3	1	2	0	0	0	1	0	0	0	2	1	1	1	1	0	1	1	2	0	0	0	3	2	0	1	4	1	0	1	1	1	0	1	0	2	3	0	0	0	3	0	0	4	0	1	0	0	4	0	0	1	0	1	0	0	6	0	0	0	1	3	0	0	0	0	1	1	2	2	0	0	2	1	1	0	0	0	0	0	1	0	0	0	1	0	0	1	0	2	0	0	0	1	1	0	0	0	1	0	4	0	1	0	
2	18	2	4	4	5	1	12	6	0	178	2	0	2	2	1	5	17	2	10	3	0	3	0	1	0	1	0	0	0	0	0	0	0	1	0	0	4	0	8	8	7	2	4	0	0	14	0	0	2	0	0	5	2	1	0	1	0	4	1	0	1	1	0	6	0	3	1	0	0	0	0	3	0	0	0	0	0	4	4	0	0	4	0	1	4	0	0	4	0	2	9	0	4	0	1	3	0	2	0	0	0	2	1	0	0	1	0	3	0	1	0	1	1	2	1	0	1	2	0	0	0	7	0	0	3	1	0	0	3	2	0	4	0	0	0	1	1	0	1	0	0	0	0	6	0	1	0	0	1	1	0	5	1	2	1	0	5	0	1	3	1	2	0	0	0	0	1	1	0	7	0	0	0	0	0	1	0	0	3	1	3	0	1	0	4	0	0	0	1	3	0	0	0	0	0	0	0	3	0	
0	1	0	1	3	2	1	2	0	0	1	303	0	0	0	2	2	1	0	0	13	4	9	1	0	0	0	1	1	0	0	0	1	0	1	0	1	2	0	0	0	1	3	1	0	2	1	1	4	5	4	6	5	3	0	2	1	0	1	0	0	0	1	0	0	0	3	0	0	0	0	7	0	0	0	0	1	1	1	3	1	0	0	0	4	0	0	0	1	0	1	12	0	0	0	1	1	1	0	0	0	1	3	0	0	0	0	2	4	1	0	0	0	0	10	2	0	0	1	0	0	1	1	0	1	0	0	2	0	1	0	0	1	0	0	0	2	0	1	1	0	1	1	0	1	0	0	0	1	0	0	1	0	1	2	0	0	3	1	0	0	0	3	1	1	0	2	0	0	2	3	0	0	1	0	0	0	0	0	0	1	1	0	0	0	0	0	0	0	0	0	0	0	0	2	2	0	1	1	0	
0	2	0	2	0	6	1	0	0	0	0	3	231	2	1	1	1	2	0	2	0	0	0	0	3	5	5	0	4	3	4	1	4	1	4	5	0	0	0	0	0	0	1	1	0	0	1	1	3	2	0	2	0	9	5	6	13	9	20	0	1	0	1	0	0	2	0	0	0	0	0	0	0	1	0	0	7	0	0	0	0	1	2	0	2	5	0	0	3	0	1	9	0	1	0	0	1	0	0	0	1	0	4	0	0	4	0	0	3	1	0	0	0	0	2	0	0	0	13	7	2	0	0	0	0	2	0	0	1	4	0	3	3	0	1	0	3	0	0	0	0	0	1	0	0	0	0	0	0	1	0	1	4	0	0	0	3	1	1	1	1	3	5	0	1	0	0	0	0	3	0	1	3	0	0	0	2	0	0	0	2	1	0	2	0	1	0	0	0	1	0	0	0	0	0	0	0	1	0	3	
6	0	1	0	1	0	0	0	0	1	2	0	0	352	2	0	0	2	0	0	0	0	1	23	0	0	0	0	0	0	0	4	0	0	0	0	2	0	1	0	1	1	0	0	0	1	2	1	0	1	0	0	0	0	0	1	1	1	0	0	0	1	3	0	0	0	0	1	0	1	0	0	1	0	0	0	0	0	0	0	0	0	0	4	0	1	0	0	1	0	1	2	0	1	2	0	1	1	1	0	0	2	3	0	0	0	0	0	2	2	0	0	0	5	0	0	0	0	2	0	0	0	0	0	0	0	1	0	0	1	1	1	0	0	0	0	0	0	0	0	0	0	0	0	2	0	0	1	5	0	1	0	4	0	0	1	1	1	0	0	0	1	0	1	0	0	0	0	0	1	1	0	0	4	3	0	1	0	0	4	1	0	1	0	2	4	1	2	0	0	1	0	3	0	0	0	2	0	1	0	
0	1	1	3	1	2	0	1	0	1	1	0	2	3	338	0	1	9	0	2	0	0	0	4	0	1	0	0	0	0	1	0	0	0	1	3	0	0	1	0	0	0	1	0	0	0	15	0	0	0	0	1	1	0	0	0	0	0	0	0	0	0	0	0	0	0	0	0	0	0	1	0	0	0	0	1	0	0	6	0	1	0	0	0	0	4	0	0	0	0	0	2	1	3	0	0	1	0	0	0	0	0	0	0	1	0	0	0	0	0	0	0	0	1	1	0	0	0	1	0	0	0	0	0	1	0	0	0	0	0	0	0	0	0	1	0	0	0	0	0	0	0	0	0	0	0	0	0	3	1	2	0	2	0	0	0	1	1	1	0	0	0	3	0	0	0	0	0	1	0	0	0	0	0	0	0	0	0	3	1	0	4	1	10	5	6	0	1	0	0	3	4	2	0	0	1	22	0	0	1	
0	2	8	12	1	6	4	6	1	2	5	3	2	3	11	147	11	6	0	0	6	1	3	3	0	2	2	0	0	0	1	0	0	0	1	2	9	8	6	10	0	4	4	9	2	7	6	1	1	3	2	4	1	3	2	4	5	0	3	0	0	0	0	0	1	0	1	2	1	1	1	1	0	2	0	1	1	1	1	3	2	0	0	0	2	0	0	0	2	1	0	5	0	0	0	1	1	0	0	0	0	1	5	0	1	0	0	0	0	1	0	0	0	0	2	0	0	14	1	0	0	0	1	0	0	0	0	2	0	0	0	1	0	0	2	0	0	0	1	1	0	1	0	1	5	0	0	0	0	3	2	1	1	0	1	1	0	0	0	0	5	2	0	1	0	0	0	0	1	2	1	0	0	0	3	1	1	1	0	3	1	5	1	4	6	13	1	3	3	3	3	0	3	0	0	0	1	0	0	7	
6	9	12	7	7	10	0	5	0	3	12	7	2	1	3	14	125	13	0	1	9	1	1	1	0	3	0	0	1	0	3	2	0	1	3	0	4	4	3	6	3	7	2	6	0	10	21	3	0	0	0	2	4	0	2	3	2	4	5	0	0	1	0	0	1	0	1	0	0	0	0	1	0	0	0	0	0	1	4	5	1	1	1	1	0	6	0	0	1	0	1	7	0	0	0	1	0	0	1	1	0	0	0	1	1	0	0	1	2	0	0	0	0	0	3	0	0	1	4	0	0	0	2	0	1	0	1	0	0	1	1	1	0	0	0	0	0	1	0	1	0	2	0	0	5	0	0	0	1	5	2	0	7	0	3	0	0	3	1	0	3	0	3	2	0	0	0	0	1	2	3	0	0	0	1	1	0	1	0	2	1	0	1	2	2	14	0	2	6	0	0	0	0	0	1	0	0	0	0	12	
3	17	3	1	1	1	1	4	0	4	2	1	0	3	2	2	2	313	1	7	0	0	0	0	1	1	3	0	1	0	0	1	0	1	0	0	0	0	5	0	0	0	0	0	3	5	18	1	2	0	0	1	1	1	0	0	3	0	7	0	0	1	0	0	0	0	1	0	0	0	0	0	0	0	0	0	2	0	0	0	0	0	0	3	0	0	0	0	0	0	0	5	0	2	0	1	0	0	0	0	0	0	1	0	0	0	1	0	2	0	0	0	0	3	0	0	0	0	0	0	0	0	0	0	0	1	0	0	0	1	0	0	0	0	1	0	0	0	1	0	0	0	0	0	0	0	0	1	0	0	0	0	3	1	0	0	0	1	0	0	0	2	1	0	0	0	0	0	1	0	0	0	1	0	0	2	2	0	1	1	0	1	2	2	1	3	0	2	2	3	1	2	7	0	1	1	5	0	0	1	
1	3	2	3	0	5	0	5	1	0	1	1	1	1	1	0	1	3	179	10	0	0	0	0	2	3	1	0	0	0	0	0	0	0	0	0	0	0	1	1	1	2	0	1	0	1	1	1	0	1	0	0	0	3	2	0	0	0	4	0	1	2	0	1	1	5	0	1	2	0	0	0	0	1	1	2	0	5	0	0	1	0	2	7	2	1	0	0	1	2	4	0	0	4	3	1	1	0	2	2	0	0	0	0	4	2	0	3	3	0	0	4	3	0	4	0	1	2	4	1	2	0	0	10	0	2	2	0	0	0	0	1	1	0	1	1	5	1	1	0	0	0	0	0	13	0	0	0	2	3	6	0	0	0	0	0	1	0	1	0	2	1	2	2	1	0	0	0	1	4	0	3	0	0	7	1	8	14	3	10	3	6	8	4	7	1	2	2	0	3	12	1	6	0	2	0	2	0	0	0	
0	15	3	3	1	2	0	2	0	4	9	0	0	0	3	0	0	9	3	249	3	0	0	2	1	0	0	0	2	0	0	1	0	0	0	1	0	1	0	3	3	1	1	1	0	1	9	0	0	2	0	3	2	3	0	0	0	2	3	0	3	2	1	0	1	0	1	0	1	0	0	2	1	0	0	1	0	0	0	0	0	1	5	0	0	0	0	0	0	1	1	4	0	9	0	5	0	0	2	2	0	0	3	1	1	1	0	2	3	0	0	5	0	0	2	0	0	0	15	3	0	0	0	1	0	2	0	0	0	0	0	1	1	0	0	0	0	0	0	1	0	0	1	0	1	0	1	0	2	1	1	0	7	1	2	0	0	5	0	0	0	0	2	4	1	1	0	1	3	4	2	1	0	0	4	0	0	2	0	1	0	1	0	0	1	0	0	0	0	1	0	3	1	0	1	0	10	0	0	1	
0	2	1	0	1	1	0	0	0	0	1	24	0	0	0	1	3	1	1	1	292	1	8	1	0	0	0	0	1	0	1	0	1	0	1	2	2	1	0	3	3	0	2	5	0	0	1	0	2	10	2	4	14	3	2	1	2	3	2	0	0	0	0	0	0	0	5	0	1	0	0	2	0	0	0	0	4	1	0	2	0	0	0	0	1	1	0	0	1	0	0	11	0	0	0	11	0	0	1	0	0	1	1	1	0	0	0	1	0	0	0	0	0	0	5	0	1	0	3	0	0	0	3	0	0	0	0	0	0	3	0	0	2	0	0	0	0	3	0	3	0	0	0	0	0	0	0	0	0	0	0	0	1	0	0	0	1	2	0	2	1	0	2	0	1	0	0	0	3	1	1	1	0	0	0	0	0	0	0	0	0	0	0	0	0	1	0	0	0	0	0	0	0	0	1	1	1	2	2	1	
0	0	0	0	0	0	0	0	0	0	0	22	0	1	1	1	2	0	1	0	5	340	6	1	0	0	0	0	1	0	0	0	0	0	1	4	1	0	0	0	0	0	2	1	0	1	0	0	1	2	0	3	0	2	0	3	3	2	0	0	6	2	0	3	0	1	1	1	0	0	0	2	0	0	0	1	0	0	0	1	0	0	0	2	1	4	0	0	0	0	0	3	0	0	0	0	0	0	1	0	1	1	1	0	0	2	1	0	0	0	1	1	0	1	0	0	0	0	2	1	1	0	0	0	2	0	2	0	0	4	1	0	0	0	0	0	1	2	1	1	0	0	0	1	2	0	1	0	5	0	0	0	2	0	0	1	0	0	0	0	1	0	2	0	0	1	0	1	1	0	5	2	1	2	0	0	0	0	0	0	0	1	0	0	0	0	0	1	2	0	0	0	0	0	2	0	0	0	2	1	
0	0	1	0	0	1	1	1	0	0	0	76	0	0	0	0	0	0	0	0	18	6	255	4	0	0	2	2	0	0	1	0	0	0	2	0	0	1	0	0	0	1	0	0	0	0	1	0	0	2	0	8	3	1	0	1	2	1	2	0	0	0	0	1	1	0	2	0	0	1	1	3	2	0	0	1	0	0	0	1	0	0	0	0	3	0	0	0	2	1	1	15	0	0	0	2	2	0	0	0	0	2	1	0	0	1	0	1	5	0	0	0	0	1	2	2	1	0	1	0	0	0	0	0	1	0	0	0	0	1	0	0	0	0	0	0	1	4	1	4	1	0	0	0	0	0	0	0	8	0	1	0	0	0	3	0	1	4	3	1	1	1	1	0	1	0	0	0	1	0	0	0	0	0	0	0	0	0	0	0	0	0	0	0	1	2	0	0	0	0	0	0	0	0	3	2	0	0	4	0	
1	0	0	0	1	0	1	0	0	0	0	2	0	13	3	0	0	0	0	1	0	2	2	387	0	0	3	0	0	0	0	1	0	0	0	0	1	0	0	0	0	1	1	0	0	0	3	5	1	1	1	0	0	1	0	4	1	2	4	0	0	0	0	0	0	0	0	1	0	2	0	0	1	0	0	0	0	0	1	0	0	1	0	1	0	0	0	0	0	0	0	1	0	0	0	0	1	0	0	0	0	0	1	0	0	0	2	0	0	0	0	0	0	0	1	0	0	0	0	0	0	0	0	0	0	0	0	0	0	0	0	0	0	0	0	0	2	1	1	0	0	0	0	0	0	0	0	0	16	0	0	0	6	0	0	0	0	1	0	0	3	0	0	0	0	1	0	0	0	0	1	0	0	0	1	1	0	0	0	0	0	0	0	1	1	0	0	1	0	0	0	0	0	0	2	0	4	1	0	0	
1	0	0	1	1	3	0	1	0	1	0	4	0	2	1	0	0	1	4	0	0	0	1	0	139	9	28	20	16	3	1	11	2	8	1	1	3	0	2	0	1	1	2	1	1	0	0	6	7	7	0	3	3	9	1	5	5	2	5	0	3	0	4	1	0	4	1	0	2	0	0	0	1	0	1	2	0	9	0	0	0	0	1	4	1	1	0	0	0	0	4	4	0	0	0	0	0	0	1	1	1	0	1	0	0	2	1	1	0	3	0	0	1	2	3	1	0	1	3	3	3	0	0	6	0	3	0	1	0	1	0	5	1	0	2	0	11	3	0	1	2	1	3	2	8	0	0	2	4	0	8	0	0	0	0	0	3	1	1	1	2	3	0	1	1	0	1	0	1	2	0	2	1	0	1	0	2	1	1	1	6	1	0	3	1	0	0	0	1	2	0	0	1	0	0	0	0	0	0	0	
0	0	0	1	0	4	1	0	0	1	1	0	2	0	1	1	0	2	0	1	2	0	0	1	2	233	19	7	15	4	3	10	1	1	13	4	0	1	5	0	0	0	0	0	0	0	2	3	2	5	2	2	5	13	5	4	6	0	3	1	2	5	3	0	0	1	0	1	0	1	0	0	0	1	0	0	0	1	0	0	0	0	0	2	0	0	1	0	0	2	3	5	0	0	0	0	0	0	2	0	0	0	0	0	0	3	0	1	1	0	0	0	1	0	3	0	0	1	1	2	1	0	0	4	0	3	1	0	1	0	0	2	0	0	1	0	2	0	3	0	1	0	0	1	3	0	0	1	1	0	0	1	1	0	0	0	1	0	0	0	2	7	1	0	1	0	1	1	1	4	0	2	2	0	1	0	1	1	1	1	2	2	2	2	1	0	0	0	0	0	0	0	0	0	0	0	2	1	1	0	
2	1	0	0	0	1	1	1	0	0	0	3	1	1	1	0	0	0	0	0	0	1	0	1	10	8	240	22	10	5	0	10	0	4	13	1	1	0	1	0	0	1	0	0	0	1	3	8	6	6	0	5	0	16	1	1	11	3	3	0	0	0	1	0	1	0	1	0	1	1	0	0	1	0	1	0	0	2	0	2	0	0	1	1	1	0	0	0	0	2	0	4	0	0	0	0	1	0	1	0	0	0	1	0	0	3	0	1	0	0	0	1	0	0	0	2	0	0	0	1	0	0	0	1	0	1	0	0	0	1	1	1	0	0	1	0	1	0	0	1	1	0	0	2	1	0	0	0	2	0	0	0	0	0	0	0	1	0	2	1	1	5	1	0	1	1	1	0	1	3	0	0	1	0	1	4	0	2	0	2	1	4	6	4	0	1	0	1	1	0	0	0	2	1	0	0	0	0	1	1	
1	1	0	1	1	1	1	2	0	0	1	8	0	0	0	0	0	1	0	0	3	1	1	2	2	5	27	151	6	8	0	2	0	3	3	5	0	1	0	0	0	0	0	0	0	0	0	9	7	22	6	9	6	8	1	21	7	6	5	0	2	0	1	1	1	3	5	2	2	7	0	0	1	0	2	4	0	1	0	1	0	1	0	0	3	1	0	0	0	1	1	4	0	0	0	0	0	1	1	0	1	0	3	0	1	4	5	1	0	0	0	0	0	1	6	0	1	0	3	3	1	0	0	1	0	1	0	0	1	1	0	4	2	0	2	0	2	0	0	1	0	0	1	3	3	0	0	1	4	3	3	1	1	0	0	0	3	0	1	0	3	5	2	0	0	0	0	0	2	2	2	1	1	0	1	0	2	1	0	1	2	1	0	8	0	1	0	1	0	1	0	0	1	0	1	0	0	0	0	1	
0	0	1	1	0	1	0	0	0	3	0	3	2	0	0	0	0	0	0	1	0	1	0	0	9	10	7	6	229	12	2	2	3	4	7	5	0	1	0	0	0	0	1	0	0	0	0	1	4	11	4	1	12	10	7	10	8	6	3	0	0	1	0	1	0	1	2	0	0	0	0	1	0	0	4	1	0	1	0	0	0	0	0	0	2	1	0	0	0	0	1	7	0	0	0	0	1	0	2	1	1	0	0	1	0	2	1	1	4	0	0	5	1	0	8	1	0	0	1	0	2	1	1	2	0	0	0	0	0	2	0	2	0	0	0	0	5	0	0	1	0	0	2	5	1	0	1	1	2	2	1	1	0	0	0	0	0	0	2	0	0	2	2	1	1	1	0	0	0	4	0	2	0	0	0	2	1	0	1	0	0	0	1	3	1	0	0	0	0	0	0	0	1	0	0	0	0	0	2	0	
0	0	0	0	0	0	5	0	0	1	0	11	2	1	1	1	0	2	2	1	5	4	3	2	5	6	13	19	5	111	3	7	2	1	7	9	0	0	0	0	0	1	1	0	0	0	1	2	2	10	8	6	3	12	4	24	14	12	0	0	1	2	0	1	0	6	0	0	1	1	0	0	0	0	1	0	1	7	0	2	2	2	1	0	3	7	1	0	0	2	4	7	0	0	0	0	3	0	1	1	1	0	3	0	0	7	0	1	1	0	0	1	2	1	8	0	0	0	1	8	2	0	0	3	0	0	0	0	1	4	0	6	0	0	4	0	3	1	0	1	0	0	0	4	1	0	0	0	2	1	1	0	2	0	1	1	2	0	1	0	0	7	2	0	0	0	0	0	0	1	2	4	0	0	1	0	1	0	0	1	5	2	1	3	0	2	0	0	0	0	0	0	0	0	0	3	2	0	1	1	
0	0	0	5	1	7	4	2	0	3	3	0	5	0	0	0	1	1	0	2	1	0	0	0	2	6	1	1	7	1	195	17	16	5	6	1	0	2	0	2	0	1	0	0	0	0	4	4	2	5	2	6	2	6	2	5	15	3	4	0	3	1	2	0	1	0	0	2	0	3	0	0	0	0	0	0	2	1	2	1	0	1	1	1	0	5	0	0	1	2	2	8	0	2	0	0	1	1	3	1	0	0	5	1	1	2	0	0	3	1	0	0	0	2	2	0	0	0	0	5	0	0	1	0	0	2	1	0	0	0	0	1	0	0	1	0	6	0	0	0	2	1	1	1	4	1	0	1	0	2	0	1	0	0	0	0	2	1	0	0	0	2	2	0	3	0	0	0	1	7	0	2	0	0	1	1	3	0	0	4	1	2	0	6	0	1	1	0	0	0	1	1	2	1	0	1	1	0	0	0	
1	0	0	0	1	3	2	1	3	4	4	1	0	2	1	0	0	1	0	2	1	0	1	4	2	9	9	2	1	5	7	268	0	2	10	2	2	2	1	0	0	1	0	1	0	1	2	16	4	0	0	1	0	2	2	2	13	2	7	0	0	0	1	0	0	0	0	3	0	1	0	1	0	1	0	0	1	2	1	2	0	0	1	1	0	0	1	0	1	1	1	9	0	1	0	0	1	1	2	0	0	0	3	0	0	3	0	0	0	0	0	0	0	1	1	0	0	1	0	1	0	0	0	1	0	0	0	0	0	0	0	1	1	0	0	0	0	1	2	0	0	1	0	0	2	0	0	0	2	0	0	1	0	0	0	0	0	1	0	1	0	2	1	0	0	0	0	0	0	0	0	0	1	0	3	0	0	1	0	5	0	1	3	5	0	1	0	0	0	1	2	0	3	0	1	3	2	0	0	0	
0	0	2	3	0	6	5	1	0	1	0	0	6	0	2	2	0	1	0	1	1	2	1	0	3	8	4	1	11	1	79	12	157	5	6	0	0	0	0	1	0	0	0	0	0	0	1	1	4	2	0	6	2	9	4	6	9	1	1	0	1	3	0	1	1	1	0	2	1	0	0	3	1	0	0	0	1	2	2	2	0	0	2	1	0	6	0	1	0	2	3	8	0	1	0	1	2	0	2	0	2	0	1	0	0	1	0	0	2	1	1	0	0	0	0	0	0	0	0	0	1	0	1	1	0	1	0	0	0	0	1	0	0	1	2	0	6	3	1	0	1	3	4	0	2	0	0	1	0	8	1	2	0	0	1	0	1	0	3	0	0	2	1	0	1	2	0	2	1	2	1	1	0	1	1	0	2	0	0	2	1	1	1	3	1	1	0	0	0	0	0	0	0	0	0	2	0	0	0	0	
0	0	0	3	2	8	1	1	3	0	1	6	7	1	0	1	2	1	0	1	5	0	0	1	4	3	7	8	3	3	4	10	3	116	44	6	1	0	1	1	0	0	1	0	0	0	3	0	8	17	0	16	6	11	11	9	28	9	9	0	0	1	0	0	1	0	1	2	0	2	0	1	0	0	0	0	1	0	1	1	1	1	0	0	3	0	0	0	0	1	0	21	0	1	0	0	2	0	4	0	0	0	2	2	0	2	0	0	3	1	0	2	0	0	1	0	0	0	1	2	0	0	0	0	0	2	0	0	0	3	0	1	0	0	0	0	5	0	0	0	0	0	0	0	1	0	0	0	1	0	0	0	0	0	0	0	2	2	4	0	0	2	5	1	1	1	0	1	1	1	0	3	0	1	0	0	1	1	0	0	0	1	2	3	0	1	0	0	0	0	1	1	1	0	1	0	1	0	0	1	
0	0	1	0	1	5	1	5	0	2	2	3	0	1	1	1	0	2	0	0	4	0	0	2	1	3	16	1	5	2	3	3	1	7	243	3	2	1	0	0	0	0	0	0	0	1	3	0	3	12	2	5	23	8	6	5	30	13	6	0	0	1	0	0	0	0	1	0	0	0	0	0	0	0	0	0	0	0	0	0	0	0	0	1	1	2	0	0	0	0	0	14	0	0	0	0	1	0	0	0	0	0	1	0	0	1	0	0	0	0	0	0	0	0	2	0	0	0	0	1	0	0	2	0	0	1	0	0	1	2	0	0	0	0	2	0	0	0	0	0	0	0	0	0	0	0	0	0	0	0	1	0	0	0	0	0	0	1	0	0	0	2	3	0	0	2	0	0	0	1	1	0	0	2	1	1	0	0	0	0	1	1	2	1	0	2	0	1	0	0	0	0	2	0	0	0	1	0	1	0	
1	0	3	1	4	3	1	0	0	0	1	11	1	2	4	2	0	2	0	0	7	1	3	2	0	5	9	2	5	1	2	1	0	2	14	205	0	1	1	0	0	0	0	0	1	0	4	1	3	17	26	8	6	4	1	9	23	19	14	0	0	0	0	0	0	0	1	0	0	0	0	0	0	0	0	0	0	0	3	0	0	0	0	0	1	1	0	0	0	0	0	12	0	0	0	0	1	0	0	0	0	0	4	1	0	2	1	0	1	0	0	0	0	0	1	0	0	0	0	0	0	1	0	0	1	0	0	0	0	2	0	0	1	0	2	0	0	0	0	0	0	0	0	0	1	0	0	0	2	0	1	0	1	0	0	0	0	1	2	0	1	0	5	0	0	1	0	0	1	0	2	0	0	0	0	0	0	0	0	0	0	0	0	0	0	3	0	0	0	0	1	0	0	0	3	1	1	0	4	0	
0	2	0	4	0	0	0	4	2	2	2	1	0	1	1	6	0	2	0	1	3	3	1	0	0	1	0	1	0	0	0	0	0	1	0	0	285	4	26	10	2	10	1	11	0	4	2	0	1	0	0	1	1	1	0	2	0	0	3	0	0	0	0	0	0	0	1	0	1	2	0	0	0	0	0	0	4	0	1	4	1	0	0	1	0	1	0	0	0	1	1	3	0	0	0	0	0	0	0	1	0	0	1	0	0	1	0	1	1	1	1	0	0	2	1	0	0	0	8	0	0	0	1	0	0	0	1	0	0	0	0	2	0	0	0	0	0	0	0	3	1	1	0	1	2	0	0	0	2	0	0	0	3	1	0	0	2	0	0	0	1	1	0	0	0	0	0	0	3	0	0	0	0	0	1	0	1	0	2	1	0	2	0	3	3	1	1	5	1	4	0	0	0	0	0	0	2	0	2	5	
0	17	3	5	0	4	0	5	10	2	2	0	0	0	0	3	0	1	0	2	8	1	1	0	0	1	0	0	1	0	0	1	0	0	1	1	10	246	29	10	0	13	4	15	3	10	2	0	0	4	0	1	0	1	0	4	2	1	0	0	0	0	0	0	0	0	0	0	1	1	0	0	0	0	0	0	2	1	0	0	0	1	0	1	0	1	0	1	1	1	1	0	0	1	0	0	0	1	0	0	0	0	2	0	0	0	2	0	0	0	0	1	2	0	0	3	0	3	6	0	0	0	3	0	0	2	0	0	0	1	0	0	4	0	0	0	0	0	0	1	0	0	0	0	1	1	0	0	1	0	1	0	6	0	0	0	0	1	0	0	0	0	1	0	2	0	0	0	1	0	0	1	0	1	0	1	1	1	0	0	0	0	0	3	2	0	0	2	0	1	0	0	0	0	0	0	0	0	0	4	
2	5	1	2	0	2	0	4	1	2	2	2	0	0	0	0	0	4	0	1	1	0	0	0	1	2	0	0	1	1	0	0	0	0	1	0	7	15	304	10	0	4	0	11	9	13	0	1	0	0	0	0	0	1	0	0	1	0	2	0	1	0	0	0	0	0	0	0	1	0	0	0	0	0	0	1	2	0	0	0	0	0	1	3	0	1	0	0	1	0	5	1	0	1	0	1	0	0	0	0	0	0	1	0	0	0	0	1	1	0	0	1	1	1	1	0	0	0	5	2	0	0	0	0	0	0	0	0	0	0	0	0	0	0	0	0	1	0	0	2	0	0	0	1	3	0	0	0	0	0	0	0	4	0	0	0	0	0	0	0	5	2	0	1	1	0	0	0	1	0	0	1	0	1	0	0	2	0	1	3	1	1	0	3	2	2	0	3	2	2	0	1	0	0	1	0	2	0	1	4	
1	9	3	4	1	6	0	3	3	0	1	1	0	0	0	2	2	0	0	2	5	0	0	0	0	0	0	1	0	0	0	2	0	1	1	0	2	2	6	275	11	4	18	17	1	3	1	0	0	0	0	0	1	1	1	0	0	0	1	0	0	0	0	0	6	0	1	0	0	0	0	0	0	0	0	0	1	0	0	1	0	0	1	1	0	1	0	0	2	1	0	11	0	3	3	2	2	0	3	2	0	1	4	2	0	0	0	1	1	0	0	0	2	1	5	0	0	0	5	1	0	0	2	1	0	4	0	0	0	0	0	1	0	0	0	1	0	2	2	0	0	0	0	0	5	0	0	1	1	0	0	0	4	0	0	0	0	1	0	0	0	0	2	0	0	0	0	0	0	2	1	0	0	0	0	0	1	0	0	0	0	0	1	1	1	0	1	4	0	0	0	0	0	0	1	0	0	0	0	4	
0	4	0	0	2	3	1	1	7	0	9	0	0	1	0	0	2	1	0	2	2	0	0	0	0	0	0	0	0	0	0	1	0	0	0	0	0	0	0	24	217	1	27	30	0	2	0	1	0	1	0	0	2	1	1	1	0	2	0	0	1	0	0	0	10	1	1	0	0	2	0	0	0	0	0	0	1	0	6	3	0	1	0	0	3	7	0	0	1	0	0	2	0	0	0	2	2	0	3	6	0	0	2	1	0	0	0	0	1	1	0	0	0	2	1	0	1	0	2	0	0	0	3	1	0	5	2	0	0	1	0	1	15	0	0	0	1	5	0	2	0	1	1	0	2	0	1	0	0	0	0	0	7	0	2	0	0	3	1	0	1	0	4	1	1	0	1	1	7	1	2	2	0	1	0	0	0	0	0	1	1	1	0	1	3	0	1	0	0	0	0	0	0	0	0	0	0	0	1	6	
2	7	8	6	0	5	0	11	14	3	10	6	0	2	1	4	4	3	4	5	7	1	0	0	1	1	0	0	1	1	0	1	0	1	1	0	3	5	2	9	3	154	4	5	1	2	8	2	0	2	1	1	3	0	1	0	1	1	1	1	1	0	1	3	3	1	3	3	0	4	1	0	1	1	0	0	4	0	2	3	1	0	0	1	0	1	0	1	1	2	2	9	0	1	0	6	0	0	1	2	0	0	0	1	2	1	1	5	3	0	0	0	0	7	2	6	0	2	0	1	0	1	1	0	0	3	0	1	0	1	0	0	2	0	0	0	0	3	1	8	0	2	2	0	6	1	1	1	2	2	2	0	3	1	3	0	1	2	1	2	2	0	1	1	3	1	0	0	0	4	0	1	1	0	1	2	1	0	0	0	0	2	2	1	0	0	2	0	1	0	3	2	1	1	0	2	0	0	2	0	
1	1	3	3	0	4	0	0	1	0	3	5	0	0	0	0	4	1	1	0	9	0	1	0	0	0	0	0	0	0	0	1	0	0	0	0	5	6	4	47	25	4	217	18	0	8	2	0	0	0	0	0	2	1	1	0	1	0	0	0	0	0	2	0	6	0	0	0	0	0	0	1	1	0	0	0	1	0	1	4	0	0	1	0	3	0	1	0	1	0	0	4	0	0	0	8	0	0	2	0	0	1	0	0	0	0	0	1	2	3	0	0	0	1	0	0	0	1	7	0	0	0	7	0	1	4	0	0	1	0	1	1	3	0	0	0	0	2	2	1	0	0	0	4	1	1	0	0	2	0	2	1	0	0	0	0	0	2	0	2	0	1	1	1	0	0	0	1	3	2	1	0	1	1	1	1	0	0	1	0	1	1	0	2	4	0	0	0	0	0	0	0	0	0	1	1	0	1	0	5	
1	6	2	4	1	0	0	1	2	1	4	0	0	0	0	1	0	2	0	1	5	0	0	0	1	1	0	0	0	1	0	0	0	0	0	0	4	9	9	22	9	1	3	289	3	4	0	0	0	0	0	0	1	1	1	0	1	0	2	1	0	0	0	0	1	0	0	1	0	0	0	0	1	0	0	2	1	0	0	1	1	0	0	0	0	2	0	0	2	0	1	2	0	0	0	6	0	1	0	0	0	1	2	0	0	1	1	0	2	1	0	0	0	1	3	1	0	2	9	0	0	0	1	0	0	8	0	1	0	0	0	0	3	0	0	0	0	1	0	2	0	0	1	1	4	0	0	0	2	0	1	0	4	0	1	0	0	3	0	1	3	0	0	1	0	0	0	0	5	1	0	0	0	1	0	0	2	0	0	0	0	1	1	0	1	1	0	2	0	0	0	0	0	0	0	0	0	0	1	6	
0	12	0	0	0	1	0	0	0	0	1	0	0	0	1	0	1	3	0	1	2	0	0	0	0	0	0	0	0	0	0	0	0	0	0	0	1	1	4	2	0	0	1	2	397	9	0	0	0	0	0	0	0	0	0	0	0	0	0	0	0	0	1	2	1	0	0	0	0	0	0	0	0	0	0	0	1	0	0	0	0	0	0	0	0	0	0	0	1	0	2	0	0	4	0	4	0	0	0	0	0	3	0	0	0	0	0	1	0	0	0	0	0	3	2	0	0	0	9	0	0	0	0	0	0	0	1	0	0	0	1	0	0	0	1	0	0	0	0	0	0	0	0	0	2	0	0	0	0	0	0	0	1	0	1	0	0	1	0	0	0	0	0	1	1	0	0	0	2	0	0	1	0	0	0	0	7	0	0	0	0	0	0	0	0	2	0	0	0	1	0	0	0	0	0	0	3	0	0	1	
1	1	0	0	0	1	0	0	0	0	0	0	0	0	0	0	2	2	1	0	0	0	0	0	0	0	0	0	0	0	0	0	0	0	0	0	1	2	5	3	3	0	3	4	3	430	1	0	0	0	0	0	1	0	0	0	0	0	0	0	0	0	0	0	0	0	0	0	0	1	0	0	0	0	0	0	0	0	0	0	0	0	0	0	0	0	0	0	0	0	0	1	0	0	0	0	0	0	0	0	0	0	0	0	1	0	0	0	0	0	0	0	0	0	1	0	0	0	3	0	0	0	0	0	0	0	0	0	0	0	0	0	0	0	0	0	0	0	0	0	0	0	0	1	0	0	0	0	0	0	0	0	1	0	0	0	0	0	0	0	2	0	0	0	0	0	0	0	4	0	0	0	0	0	0	0	0	0	0	0	0	0	0	3	5	1	0	5	2	0	0	0	0	0	0	0	0	0	0	5	
5	3	2	5	9	6	5	4	0	0	10	1	2	2	20	0	10	43	1	6	2	0	0	3	1	1	2	1	0	0	0	1	0	0	2	4	0	0	1	0	0	1	0	0	0	0	228	0	1	1	1	3	0	1	0	0	4	0	4	0	0	0	0	0	0	0	0	0	0	0	0	0	0	0	0	0	0	0	6	0	1	0	1	0	0	2	0	0	0	2	0	14	0	4	0	0	1	0	0	0	0	0	2	0	0	0	0	0	2	0	0	0	0	0	0	1	0	0	0	0	0	0	0	0	0	0	0	0	0	0	0	1	0	0	0	0	0	0	0	0	0	1	0	0	0	0	0	0	8	0	1	0	6	0	0	0	1	0	0	0	0	1	2	0	0	2	0	0	0	0	0	0	0	0	1	2	0	0	1	1	1	1	3	0	0	1	1	1	1	1	4	2	0	1	2	3	15	0	0	3	
0	0	0	1	2	4	3	2	0	0	0	1	0	1	1	1	3	2	0	1	1	2	0	0	2	2	8	2	2	2	0	16	0	0	3	5	1	0	3	0	0	0	0	0	0	0	2	273	7	2	5	0	0	1	1	3	4	1	7	1	0	0	3	0	0	0	0	4	0	4	1	0	1	1	0	0	2	1	1	0	2	0	0	1	0	1	0	0	0	0	1	2	0	0	0	0	1	0	0	0	0	0	4	0	1	0	0	1	0	0	0	0	0	1	1	0	0	1	2	0	0	0	0	1	0	2	0	0	0	0	2	0	1	0	0	0	5	0	2	1	0	0	0	0	2	0	0	0	0	1	3	1	2	0	0	0	1	1	0	0	2	1	1	0	1	0	0	0	1	0	0	1	0	0	6	2	1	1	1	9	3	2	4	3	2	4	1	1	0	0	7	0	3	0	0	0	0	0	0	3	
1	0	3	1	5	3	1	0	0	0	1	5	2	0	4	2	0	3	0	3	2	2	1	1	4	2	9	6	2	7	1	4	1	4	11	17	1	1	0	0	1	0	0	0	0	0	3	9	103	24	22	13	6	7	3	13	24	13	5	0	2	1	0	0	3	0	2	2	1	6	1	0	0	0	1	1	1	2	2	2	0	1	1	0	0	4	0	0	1	2	0	13	0	4	1	0	0	1	1	2	0	0	2	3	0	1	0	0	3	0	0	0	0	0	3	0	1	0	3	0	1	1	0	2	1	0	1	0	0	0	1	0	0	0	0	0	5	1	1	0	1	0	0	0	0	3	0	0	0	2	4	0	1	0	1	0	2	0	1	0	1	2	5	1	4	0	0	2	3	0	0	2	3	1	1	2	2	0	0	0	2	1	0	1	0	1	0	0	0	0	0	0	1	0	0	3	2	1	0	0	
1	1	0	0	1	1	0	0	0	0	0	4	1	0	1	0	0	1	0	1	3	2	0	0	1	2	0	3	2	0	1	0	0	1	2	6	0	0	0	0	1	1	0	0	0	0	1	1	6	180	31	10	4	19	1	10	4	19	6	0	4	1	1	0	0	3	6	1	3	1	0	0	1	0	0	2	3	0	0	0	1	1	2	0	3	0	0	1	0	0	0	5	0	2	0	0	6	0	5	0	0	0	2	0	0	1	0	1	3	0	0	20	2	0	3	2	2	0	6	3	0	0	1	0	0	1	1	0	1	5	0	2	0	2	1	1	2	3	0	0	0	0	1	1	3	0	0	1	0	1	1	0	1	0	1	0	1	0	3	0	0	1	4	1	7	2	2	2	1	1	2	5	2	1	1	1	1	0	0	0	0	0	1	0	0	1	0	0	0	0	0	0	1	0	3	0	0	0	0	0	
0	0	0	0	2	0	1	2	0	0	0	2	0	0	0	0	0	0	0	0	1	0	0	0	0	1	1	0	0	3	0	1	0	0	3	11	0	0	0	1	1	1	0	0	0	0	1	1	5	30	288	5	8	5	0	10	7	28	2	0	0	0	0	1	0	0	6	2	0	0	1	0	0	0	0	0	0	0	4	0	0	1	0	0	2	1	0	0	0	0	0	11	0	0	2	2	1	0	1	0	0	0	1	0	0	2	0	2	1	0	0	1	0	0	2	1	2	1	0	2	0	1	0	0	0	0	0	0	0	2	0	0	0	1	5	0	0	0	0	0	0	0	0	0	0	0	0	0	0	0	0	0	0	0	0	0	0	0	0	0	0	0	2	0	3	0	1	0	0	0	4	0	0	1	0	0	0	0	0	0	0	0	0	0	0	1	0	0	0	0	0	0	0	0	2	2	0	1	3	0	
0	1	0	3	3	6	1	2	1	0	0	8	1	2	0	0	2	0	0	0	6	0	1	0	0	0	4	2	2	0	1	0	0	6	7	1	0	1	1	0	1	0	0	1	0	0	2	0	2	24	3	198	22	31	1	3	14	23	5	0	0	0	0	0	0	0	7	0	1	0	0	1	0	0	0	3	0	1	0	0	0	0	0	0	1	1	0	0	0	0	0	28	0	0	0	1	1	0	1	0	0	0	4	0	0	1	0	0	0	0	0	4	0	0	3	0	0	0	1	3	0	0	1	0	0	0	0	0	0	2	0	1	0	1	0	0	0	0	0	0	0	0	0	0	1	0	0	0	1	0	0	0	0	0	0	0	0	5	1	0	0	1	2	0	2	3	1	0	1	0	7	1	0	1	0	0	2	0	0	0	0	0	1	2	0	0	0	0	0	0	0	0	0	0	3	2	1	2	1	0	
0	1	0	1	0	2	0	1	1	0	1	11	0	0	0	0	1	2	0	0	4	0	1	0	4	0	0	0	5	0	0	0	1	1	2	0	1	1	0	1	1	0	2	1	0	0	1	0	1	9	5	4	317	21	0	1	8	10	4	0	1	0	0	0	1	0	1	0	0	2	0	0	1	1	0	0	1	0	2	1	0	0	0	0	0	0	0	0	0	0	0	4	0	1	0	0	0	0	1	0	0	0	3	3	0	0	0	0	0	1	0	1	0	1	6	0	1	0	3	1	0	0	2	0	0	1	1	0	0	1	0	0	0	0	0	0	0	1	0	0	0	0	1	0	1	0	0	1	0	1	1	0	1	0	0	0	0	1	0	0	1	0	2	1	2	1	0	1	0	1	7	1	0	0	0	0	0	0	0	0	0	0	0	0	0	2	0	0	0	0	0	0	0	0	0	0	0	1	3	0	
0	0	0	0	1	2	1	0	0	0	0	0	2	1	0	0	0	1	0	0	3	0	0	0	1	2	3	2	2	5	0	0	0	1	4	5	0	0	0	0	0	1	0	1	0	1	0	0	5	16	1	11	10	241	0	0	9	17	3	0	2	0	0	3	1	0	4	0	1	0	0	2	0	0	1	0	0	1	0	1	0	0	2	0	1	1	0	0	0	1	0	16	0	0	0	3	2	0	2	0	0	0	4	1	0	5	0	0	2	0	0	1	0	1	2	2	0	0	9	2	1	0	0	2	0	1	0	1	0	2	0	0	1	0	1	0	1	0	0	1	1	0	0	3	2	1	2	0	0	0	1	1	0	0	1	0	1	2	2	0	0	0	9	1	2	5	1	0	3	1	2	3	0	2	0	0	1	0	0	3	1	0	1	0	1	2	0	0	0	0	1	0	1	0	2	1	0	0	4	0	
1	0	3	1	2	2	0	0	0	1	2	1	6	1	0	4	0	0	0	1	2	1	0	0	0	4	5	1	4	1	0	2	1	0	19	7	1	1	1	1	0	1	1	0	0	0	3	3	6	8	1	2	3	1	178	36	21	5	36	0	1	1	0	0	1	2	1	0	0	0	0	0	1	1	1	2	5	0	2	1	0	0	3	0	1	1	0	0	1	1	0	4	0	2	0	7	1	0	0	0	0	1	1	1	0	1	2	0	5	1	0	0	0	1	3	0	1	0	9	1	1	0	0	1	0	2	0	0	0	1	0	0	0	0	0	0	0	0	0	0	0	1	0	1	0	0	0	0	0	0	2	0	8	0	0	0	1	3	1	0	1	2	3	0	1	0	0	0	1	1	1	1	0	0	0	1	0	0	0	0	3	3	0	0	2	2	0	0	0	2	0	0	1	0	0	1	0	0	0	4	
0	2	3	0	3	2	1	0	0	1	0	1	0	1	1	0	0	1	0	0	4	1	0	3	0	3	0	1	1	0	4	1	1	1	2	8	1	0	1	0	0	0	0	1	1	0	0	0	3	12	12	4	1	1	7	254	15	12	14	0	1	2	2	2	0	2	2	2	0	0	0	1	0	0	2	0	1	0	4	0	1	0	0	0	2	1	0	0	1	0	1	10	0	1	0	3	3	0	1	0	1	0	1	2	2	4	0	0	2	0	0	1	1	0	4	0	0	1	2	8	0	0	0	0	1	3	1	0	0	0	0	1	2	0	0	0	2	0	0	0	0	1	1	0	0	0	0	0	0	0	0	0	2	0	0	1	1	0	0	0	1	0	4	0	2	1	0	2	2	0	1	0	0	2	1	1	1	0	0	0	2	0	0	1	1	0	0	0	0	0	0	0	0	0	0	0	1	0	0	2	
0	1	2	3	6	2	0	0	0	0	3	1	2	0	1	0	1	2	0	0	5	3	0	1	0	0	3	6	8	2	3	2	0	2	19	12	0	1	0	0	0	1	0	0	0	0	3	2	5	15	11	9	11	9	9	19	193	10	17	0	0	1	0	0	0	0	3	1	0	1	0	2	1	0	0	0	3	0	1	0	0	0	1	0	1	2	0	0	0	1	0	18	0	1	0	0	3	0	0	0	0	0	5	0	0	1	0	0	0	0	0	1	0	0	3	0	0	0	2	2	0	0	1	0	0	1	0	0	0	0	0	0	0	0	2	0	2	1	0	0	0	0	2	0	0	0	0	0	2	0	1	0	2	0	0	0	1	1	1	0	0	4	2	0	3	3	0	1	1	0	0	1	1	0	1	0	0	0	0	0	0	0	2	0	0	0	0	0	0	0	0	0	0	0	0	0	2	0	1	2	
0	1	1	0	1	1	4	0	0	0	0	5	1	0	0	0	1	0	0	0	2	2	0	0	0	0	1	2	0	1	0	0	0	0	4	6	0	1	0	1	1	0	0	0	0	0	0	0	2	19	12	4	6	21	1	1	4	299	1	0	0	2	1	1	2	0	3	1	1	0	0	0	0	0	1	0	0	0	0	2	0	1	0	1	3	12	0	0	0	0	0	6	0	0	0	0	0	0	1	1	0	0	2	1	0	0	0	1	1	0	0	2	0	0	1	0	1	0	2	2	2	1	0	0	1	0	0	0	1	2	0	0	0	0	2	0	2	0	0	1	0	0	0	0	1	1	1	1	0	0	2	0	2	0	0	0	0	1	0	0	0	0	4	0	0	7	0	1	0	0	3	1	0	1	0	0	0	0	0	0	0	0	0	1	0	0	0	0	0	0	0	0	0	0	0	1	0	2	0	0	
3	2	2	0	1	2	0	0	0	0	0	1	0	2	2	0	1	1	1	2	2	0	0	0	2	3	2	4	3	0	0	0	0	3	4	8	1	1	1	0	1	0	0	0	0	0	2	3	3	10	5	5	4	2	5	5	2	4	305	0	0	1	0	1	3	0	2	0	0	1	0	0	0	0	0	0	5	0	0	0	1	0	0	0	5	3	0	0	0	0	0	4	0	1	0	0	1	0	0	0	0	0	4	1	0	0	0	0	1	1	0	1	0	1	2	0	0	0	4	1	1	0	1	1	0	1	1	1	0	1	0	0	0	0	0	0	2	0	1	1	0	0	0	1	0	0	1	0	0	0	0	0	1	0	0	0	0	0	0	0	2	0	1	0	2	1	0	0	0	2	3	0	0	0	1	0	3	0	0	2	0	0	1	0	3	6	0	0	0	0	1	0	0	1	0	0	0	0	0	3	
0	0	0	0	0	1	0	0	0	0	0	1	0	1	0	0	0	0	0	0	0	1	0	0	0	0	0	0	0	0	0	0	0	0	0	0	0	0	0	0	0	0	1	0	1	0	0	2	0	2	0	0	1	0	0	1	0	0	0	261	1	1	5	0	7	3	0	1	1	0	1	0	0	1	0	0	0	2	5	3	1	0	1	2	0	1	2	2	1	6	4	0	8	23	1	1	1	0	1	0	4	0	0	3	1	0	1	2	2	1	3	1	1	1	3	1	3	1	1	0	0	0	2	1	0	1	2	0	0	5	0	0	0	0	0	1	2	0	2	0	3	7	0	0	3	2	18	1	0	1	0	3	3	1	1	0	0	1	0	0	0	0	1	0	0	0	0	8	1	1	2	6	0	0	0	2	1	0	1	2	3	3	0	0	2	0	3	6	3	4	1	0	1	0	0	0	0	0	0	1	
0	0	0	0	0	0	0	0	0	0	0	0	0	0	0	0	0	0	0	0	0	0	0	0	2	0	0	2	0	0	0	0	0	0	0	0	0	0	0	2	0	0	1	0	0	0	0	0	0	3	0	0	0	0	0	1	1	2	0	0	327	3	2	9	4	3	0	3	4	0	0	2	0	0	0	1	2	8	0	2	2	0	0	1	1	4	0	0	0	0	1	0	0	0	0	1	0	0	2	1	0	1	0	0	0	1	4	0	3	2	1	4	1	3	0	0	1	0	8	4	0	0	0	4	0	5	1	2	4	1	0	1	0	0	0	2	0	1	4	1	0	0	0	2	2	0	0	1	0	1	3	0	0	0	0	1	1	0	1	0	0	0	0	2	0	2	0	2	2	17	1	1	0	1	0	0	0	0	0	0	2	0	0	0	0	0	0	0	0	0	0	0	0	2	0	0	0	0	0	0	
0	0	0	0	0	0	0	0	0	0	0	0	0	0	0	0	0	0	0	0	0	0	0	0	1	0	0	0	0	0	0	0	0	0	0	0	0	0	0	0	0	0	0	0	0	0	0	0	0	0	0	0	0	0	0	0	0	0	0	1	1	364	1	0	1	4	0	2	1	1	0	1	0	1	0	0	0	0	6	2	1	0	2	0	1	0	0	0	0	1	1	1	0	7	1	0	0	1	4	0	0	0	1	0	0	1	0	0	6	0	0	0	0	3	1	1	1	0	3	2	0	1	0	0	0	0	21	0	5	7	0	0	0	0	0	0	0	0	2	0	2	1	0	1	0	1	3	1	1	0	0	0	0	0	0	0	0	0	0	0	2	0	0	1	1	5	0	0	0	5	0	5	0	1	0	0	8	0	0	0	0	0	0	0	0	0	0	0	0	0	0	0	0	0	0	0	0	0	0	0	
0	0	0	0	0	0	0	0	1	0	1	0	0	0	1	0	0	0	0	0	0	1	0	0	0	0	0	1	0	0	0	0	0	0	0	0	0	0	1	0	2	0	0	0	0	1	0	0	0	0	0	0	0	0	1	0	0	0	0	0	2	2	285	9	1	1	0	5	1	0	0	2	1	0	1	0	3	1	6	1	1	0	2	1	0	10	0	0	0	1	14	3	1	3	0	2	0	2	4	0	0	1	1	0	0	1	0	0	3	0	1	0	5	9	1	0	0	0	0	0	5	0	0	2	1	3	3	2	1	3	0	2	1	0	9	1	5	0	4	0	2	0	2	0	3	0	2	0	0	0	0	4	1	0	0	0	0	0	1	0	1	0	1	2	0	1	0	3	4	10	0	1	3	1	0	0	9	1	1	0	0	0	1	0	0	0	0	2	1	1	0	1	1	0	0	1	0	0	0	0	
0	0	0	0	1	3	1	0	0	0	0	1	1	0	0	0	0	0	0	0	1	2	0	0	0	0	2	0	1	0	0	0	1	0	0	0	0	0	0	0	1	0	0	0	0	0	0	0	0	1	0	0	0	2	0	0	0	1	1	1	9	4	17	238	2	2	0	6	0	3	0	1	4	2	1	2	4	0	4	1	3	0	0	1	4	5	1	0	1	7	5	5	0	0	0	0	3	3	1	1	1	1	0	1	0	0	0	4	3	2	4	3	1	9	4	2	0	0	2	0	3	5	1	0	0	1	1	2	8	0	1	0	0	0	1	0	1	1	1	2	2	1	4	0	6	2	3	0	0	0	1	3	0	1	0	2	0	1	1	0	4	1	3	0	1	4	0	4	4	13	3	2	2	0	0	0	5	0	0	0	0	0	0	0	0	0	0	0	0	0	0	0	0	0	0	0	0	1	0	0	
0	0	0	0	0	0	1	0	0	0	0	1	0	2	0	0	0	0	0	1	0	1	0	0	0	0	0	0	1	0	1	0	0	0	0	0	0	0	0	1	3	1	1	1	0	0	1	0	1	0	0	0	0	0	1	1	1	1	0	3	0	5	0	0	221	0	2	1	0	6	2	0	2	1	1	0	3	0	2	6	1	6	2	1	5	0	2	1	0	2	0	3	0	2	0	3	3	0	5	4	0	0	4	2	1	1	0	0	8	1	4	4	0	4	1	1	0	1	2	1	1	1	5	0	3	5	8	0	3	14	0	0	1	1	0	0	0	4	2	1	2	1	1	0	1	3	5	1	1	1	0	5	1	1	7	0	0	15	0	1	2	0	4	0	0	4	1	11	4	3	6	5	0	1	0	2	3	0	0	0	1	0	0	0	0	0	1	0	0	0	0	0	0	1	1	1	0	1	2	0	
0	0	0	0	0	0	0	0	0	0	0	0	1	0	0	0	0	1	0	1	0	0	0	0	3	0	1	0	0	0	0	2	0	0	0	0	0	0	0	0	0	0	0	0	0	1	0	0	0	0	0	0	0	0	0	2	0	0	1	3	6	0	0	1	4	260	0	0	4	1	0	0	1	1	1	0	1	1	2	1	0	1	1	0	0	0	3	0	0	0	0	1	1	14	0	2	0	6	9	0	3	1	2	3	0	0	2	1	6	0	0	5	1	0	2	0	2	0	0	5	1	1	0	6	1	4	1	1	14	2	0	2	1	4	0	1	13	0	1	0	7	0	1	0	0	2	8	2	0	0	2	1	0	0	0	0	0	0	0	0	0	0	1	1	0	4	7	6	4	1	1	10	0	0	0	0	14	0	0	0	1	1	0	1	1	0	0	0	0	0	0	0	0	0	0	0	0	0	0	0	
0	0	1	0	1	0	0	0	0	0	0	1	0	0	0	0	0	0	0	0	0	0	0	0	0	0	0	0	0	0	0	0	0	0	0	0	0	0	0	0	0	0	0	0	0	0	0	0	0	0	0	0	1	0	0	0	0	0	0	1	0	5	1	0	1	1	344	1	0	0	0	1	0	0	0	0	2	0	6	2	0	0	0	0	0	0	0	1	0	1	0	3	0	0	1	4	5	1	2	0	0	1	0	7	0	0	0	0	6	0	0	0	0	1	5	0	0	0	0	0	0	0	0	0	0	0	2	0	0	10	0	0	0	1	0	0	0	0	0	0	0	0	0	0	0	0	2	0	0	0	0	0	1	0	6	0	0	5	0	0	0	0	30	0	1	11	0	0	1	1	4	1	0	0	0	0	0	0	0	0	0	0	0	0	0	0	0	0	0	0	0	0	0	0	4	2	0	4	7	0	
0	1	0	0	0	0	2	0	0	0	0	1	0	2	0	0	0	0	0	0	0	0	0	1	0	0	0	0	0	0	0	0	0	0	0	0	0	0	0	0	2	0	0	0	0	0	0	0	1	4	1	0	2	1	1	0	1	1	0	0	1	3	4	3	3	4	3	256	1	0	1	0	4	1	0	0	0	0	8	3	7	1	0	0	3	0	0	2	1	0	2	5	0	4	0	0	4	1	7	0	2	1	5	2	2	1	1	1	2	2	2	2	0	4	0	0	1	4	2	0	0	2	0	0	1	0	1	6	0	3	4	0	0	0	0	0	5	1	4	2	4	0	1	0	1	4	5	0	0	0	2	4	0	1	3	0	0	3	0	0	4	0	4	1	4	3	2	4	1	7	4	1	3	2	0	2	2	0	0	0	0	2	0	0	0	0	0	1	3	0	1	1	0	3	0	0	1	0	0	0	
0	0	0	0	0	1	0	0	0	0	0	1	0	0	0	0	0	0	0	0	0	1	0	0	0	0	0	0	1	0	0	0	0	1	0	0	0	0	0	0	0	0	0	0	0	0	0	0	0	0	0	0	0	0	0	0	0	0	1	1	3	3	1	1	1	8	0	5	292	2	0	0	1	0	2	1	2	1	1	0	1	0	2	3	0	1	0	0	0	1	2	0	0	3	0	2	0	2	4	2	4	0	1	0	0	1	0	1	1	1	0	2	2	2	0	1	1	1	6	0	1	0	0	2	0	4	0	3	1	0	0	5	0	0	0	0	3	1	2	0	0	0	0	4	0	0	2	2	0	0	3	0	0	1	0	0	0	0	0	0	1	2	1	6	0	1	0	0	2	1	0	53	1	0	0	1	11	0	0	1	1	0	0	0	1	0	2	2	0	0	1	0	0	0	0	0	0	0	0	0	
1	1	1	0	0	1	0	2	0	0	0	0	1	1	0	0	0	0	0	0	0	1	0	1	0	1	7	5	0	1	1	5	0	0	0	0	0	0	0	0	0	2	1	0	0	0	0	6	3	0	2	0	0	2	0	0	0	2	1	0	1	0	2	2	5	1	0	8	2	228	1	1	4	0	2	0	3	0	3	3	2	6	0	4	0	1	1	2	0	11	2	1	0	0	2	3	2	5	12	0	1	0	4	1	0	0	0	1	1	1	4	1	0	8	1	1	0	2	0	1	2	0	3	1	1	1	0	0	1	0	1	1	1	0	0	1	7	0	2	1	4	2	1	1	5	1	1	3	0	0	2	6	1	2	1	1	1	2	2	0	4	3	1	1	0	1	2	1	1	1	1	2	2	0	0	1	1	2	0	3	5	1	1	0	1	0	0	0	2	1	1	0	0	1	0	0	0	1	4	0	
0	0	0	0	0	0	0	0	0	0	0	1	0	0	0	0	0	1	0	0	0	0	0	0	0	0	0	0	0	0	0	0	0	0	0	0	0	0	0	0	0	0	0	0	0	0	0	0	0	0	0	0	0	0	0	0	0	0	0	0	0	0	0	0	0	1	1	0	0	0	272	1	0	0	0	0	0	0	1	0	0	2	0	0	1	0	1	4	1	3	0	1	0	0	64	0	1	2	1	0	0	0	1	3	0	0	0	1	3	0	0	4	0	0	1	1	26	0	0	1	0	7	0	0	0	0	0	0	0	2	1	0	0	33	0	0	0	0	0	0	0	0	0	0	2	7	3	0	0	0	0	1	0	19	0	0	1	1	0	0	0	0	3	0	4	0	14	1	0	0	0	0	0	0	0	0	0	0	0	0	0	0	0	0	0	0	0	0	0	0	0	0	0	0	1	0	0	0	0	0	
0	0	0	0	0	0	0	0	0	0	0	1	0	1	0	0	0	0	0	0	0	2	0	1	0	0	0	0	0	0	0	0	0	0	0	0	0	0	0	0	0	0	0	0	0	0	0	0	0	0	0	0	0	0	0	0	0	1	0	1	0	0	0	0	1	0	3	0	0	0	0	380	1	1	0	0	1	0	1	0	0	0	0	0	0	0	0	1	0	2	0	4	0	0	0	3	4	0	0	1	0	1	9	1	0	0	0	1	0	0	1	0	0	4	0	2	0	0	0	0	0	0	0	0	7	0	0	0	1	8	0	0	1	0	0	0	0	0	1	0	1	0	0	0	0	1	1	0	1	0	0	0	0	0	1	0	0	3	0	1	0	0	3	0	1	10	0	0	1	0	2	0	1	11	0	0	0	0	0	0	0	0	0	0	0	0	0	0	0	0	0	0	0	0	1	4	0	3	7	0	
0	0	0	0	0	0	0	0	0	0	0	1	0	1	1	1	0	0	0	0	1	0	1	5	0	0	0	0	0	0	0	1	0	0	0	0	0	1	0	0	1	0	0	0	0	0	0	1	0	0	0	0	0	0	0	1	0	0	0	1	0	3	1	0	1	7	0	9	0	3	2	3	281	1	1	3	2	0	1	2	3	0	0	1	0	0	2	2	0	0	1	0	0	1	0	0	0	2	9	0	1	1	7	1	0	0	1	1	5	7	2	0	1	7	2	0	0	1	1	1	0	0	0	1	1	5	3	0	3	0	3	2	1	0	0	1	3	2	6	0	6	0	2	0	3	0	7	3	2	0	0	1	1	0	1	1	1	1	0	0	3	0	1	1	0	0	0	10	0	0	0	2	7	2	0	2	0	0	1	0	2	2	0	1	1	0	2	1	0	0	0	0	1	4	0	0	0	0	0	0	
0	1	1	0	1	1	0	1	0	0	1	0	0	1	0	1	0	0	1	0	0	0	0	0	1	0	0	0	0	0	0	0	1	0	0	0	0	0	0	3	0	0	0	0	1	1	0	0	0	0	0	0	0	0	0	0	0	0	1	4	1	6	3	2	1	3	0	6	0	0	1	3	2	283	1	1	3	0	1	1	6	0	0	5	0	1	2	0	0	2	4	1	1	8	0	1	0	1	5	0	2	0	3	1	0	0	0	0	1	3	1	2	1	0	1	0	0	1	0	0	0	1	0	1	1	2	1	4	4	1	5	3	0	1	0	22	1	0	1	1	2	2	0	0	3	1	4	0	0	0	1	2	2	0	0	3	2	1	0	0	3	0	3	2	2	0	1	3	0	2	0	0	3	1	0	1	5	0	0	0	2	0	0	0	1	0	0	3	0	1	0	0	0	2	0	0	0	1	0	0	
0	0	0	0	0	0	0	0	0	0	0	2	1	1	1	0	0	0	1	0	1	2	1	0	2	0	0	0	1	2	0	0	0	0	0	1	0	0	0	0	1	0	0	0	0	0	0	0	1	1	1	0	3	1	2	1	2	1	0	1	5	0	9	5	3	5	0	0	11	2	1	4	1	0	190	4	1	3	0	2	0	0	2	1	1	4	0	0	1	0	7	1	0	3	0	1	2	1	0	0	4	0	1	0	0	1	0	0	6	2	0	4	1	2	0	1	0	0	2	5	16	0	1	6	0	8	0	0	0	0	0	5	2	0	0	0	4	2	2	2	2	0	1	1	9	0	0	0	8	0	4	0	0	0	0	0	1	0	39	0	0	3	1	2	1	2	0	1	5	4	0	11	1	0	0	2	1	1	0	1	12	1	0	0	1	1	0	0	1	0	0	0	0	0	1	0	0	1	3	0	
0	0	0	0	0	4	0	2	0	0	0	3	1	1	0	0	0	0	1	0	1	0	1	0	1	0	0	1	0	1	0	0	0	0	0	0	1	1	1	0	0	0	0	0	0	1	0	1	0	0	1	0	0	3	1	2	1	3	1	1	6	2	2	3	6	4	1	6	3	0	3	4	5	4	2	150	8	1	1	1	0	1	0	2	7	0	0	6	1	2	6	3	0	1	1	4	2	2	2	0	11	0	3	0	0	1	8	2	9	3	3	5	0	8	1	0	1	3	1	8	1	0	0	3	1	4	1	7	2	2	1	2	1	0	0	1	5	1	0	4	0	1	0	2	10	2	3	5	2	0	10	1	0	0	4	2	4	2	2	0	5	3	0	4	5	8	0	3	3	2	0	1	1	0	2	0	4	0	0	0	1	2	0	1	0	0	1	2	0	0	0	0	0	0	2	3	0	3	3	1	
1	1	0	0	1	2	0	1	0	0	0	0	0	0	0	0	0	1	0	0	0	1	0	0	0	1	0	0	0	0	1	0	0	0	0	0	0	0	0	0	1	0	1	0	0	3	1	0	0	0	0	1	3	0	0	0	0	2	1	1	1	6	8	4	4	1	8	0	0	0	2	2	1	1	0	0	252	0	7	0	2	2	1	0	2	2	1	0	1	1	3	7	0	5	0	5	1	0	1	0	0	2	3	0	0	0	0	0	4	0	2	4	1	4	5	0	1	1	6	0	2	0	1	0	4	0	1	2	4	8	0	1	7	1	2	0	1	2	2	0	2	1	1	0	2	2	1	0	1	0	2	1	3	0	0	0	0	4	0	0	1	1	9	0	2	15	0	1	4	4	2	0	0	5	0	0	6	0	0	1	0	0	0	0	0	0	0	0	0	1	0	0	0	0	0	0	1	1	0	0	
0	0	0	0	0	2	0	0	0	1	0	0	0	0	0	0	0	1	0	0	1	2	0	0	5	1	1	3	0	2	1	3	0	0	0	0	0	0	0	1	1	0	0	0	0	0	0	3	0	0	0	1	0	3	0	2	0	0	0	1	13	3	6	3	2	10	1	1	3	1	0	1	0	0	1	0	4	203	0	2	0	0	0	3	0	3	2	0	1	2	5	2	0	1	0	0	1	1	0	2	7	0	2	0	0	2	2	0	2	2	2	4	5	6	0	0	0	1	0	19	2	0	0	12	1	10	0	3	2	2	3	6	2	0	2	0	9	0	7	1	2	3	1	2	5	0	0	1	0	1	4	1	1	0	0	3	7	1	3	0	0	1	1	3	0	2	1	0	6	3	1	1	1	3	0	0	2	0	0	2	4	2	0	0	3	0	0	0	1	0	0	0	0	0	0	0	0	0	0	0	
0	0	0	0	0	0	2	0	1	0	1	0	0	0	1	0	1	1	0	0	0	0	0	0	0	0	0	0	0	0	1	0	0	0	0	0	0	0	0	0	0	0	0	0	0	0	0	0	0	0	0	0	1	1	0	0	0	1	0	1	1	3	2	0	1	3	2	0	0	0	0	4	0	0	0	0	1	0	382	0	1	0	1	0	2	3	1	1	0	5	0	4	3	0	1	0	0	1	1	0	0	0	1	1	0	1	0	0	1	0	0	0	0	0	4	0	0	5	1	0	0	1	0	0	3	0	0	1	0	3	0	1	0	0	0	0	0	0	1	1	0	5	0	0	0	0	8	1	0	0	0	0	3	0	0	1	0	1	0	0	0	0	5	0	1	2	1	2	1	1	1	0	0	0	0	0	3	1	0	0	0	0	0	0	0	0	0	0	0	0	0	0	0	0	0	0	1	1	1	0	
0	1	0	0	0	1	2	1	0	0	2	0	0	1	1	1	1	0	0	0	2	0	0	0	1	0	0	0	1	0	0	1	1	0	1	0	1	0	0	2	3	3	2	2	0	0	1	0	0	4	0	0	0	0	0	0	0	1	0	2	1	0	4	0	9	3	1	3	3	3	0	1	1	3	1	1	4	0	8	219	1	2	0	1	3	0	0	0	1	1	3	4	0	3	0	2	2	1	2	3	2	1	6	1	0	3	0	4	7	1	2	1	2	7	6	2	0	1	3	0	7	1	0	0	2	3	3	2	3	7	0	2	4	0	0	2	0	1	2	6	2	2	1	1	1	1	2	2	0	5	1	4	3	0	0	0	0	0	1	4	1	1	8	0	0	1	2	4	7	7	2	4	0	0	0	1	2	0	0	0	0	0	0	0	0	0	0	1	0	0	1	0	0	0	0	0	0	0	1	0	
2	0	1	0	0	2	1	0	0	0	0	2	0	3	0	1	0	0	1	0	0	1	0	1	1	1	0	1	1	0	0	0	0	0	0	1	0	1	0	0	0	0	0	1	0	3	1	0	0	3	0	1	0	0	0	2	0	1	1	0	1	4	5	3	5	0	2	22	0	2	4	3	16	0	3	0	1	1	2	0	204	3	0	2	0	2	0	1	1	3	3	4	0	2	0	2	2	3	6	1	1	1	3	3	1	0	1	1	4	2	1	4	0	5	1	1	0	1	1	2	2	2	0	0	0	0	0	4	0	1	4	2	1	2	1	2	2	1	1	0	2	0	2	4	2	4	2	0	0	0	4	2	0	2	1	1	0	4	1	0	4	2	0	1	0	4	0	3	3	2	2	3	3	0	4	1	2	2	3	2	0	1	1	0	3	1	0	3	2	1	0	0	1	5	0	0	1	1	2	1	
0	0	0	0	0	0	0	0	0	0	0	0	0	0	0	0	0	0	0	0	0	0	0	0	0	0	0	0	0	0	0	0	0	0	0	0	0	0	0	0	0	0	0	0	0	0	0	1	1	0	0	0	0	0	0	0	0	0	0	0	0	0	0	0	6	2	0	2	0	4	1	2	0	0	0	0	1	0	1	0	1	401	0	0	0	0	0	2	0	1	0	0	0	1	3	0	1	1	0	0	0	0	0	2	0	0	0	1	4	0	0	0	0	0	1	0	6	0	1	0	0	1	0	0	0	0	0	0	0	3	0	0	0	3	0	0	2	2	0	0	1	0	0	0	3	2	0	0	0	0	0	0	0	3	1	0	0	3	0	0	2	0	2	0	0	2	10	0	3	0	4	2	0	1	0	0	0	0	0	0	1	0	0	0	0	0	0	0	0	0	0	0	0	0	0	0	0	0	2	0	
0	0	0	0	0	4	0	0	0	0	0	0	1	0	0	0	1	0	1	2	0	1	0	0	0	1	0	0	0	0	1	0	0	1	0	0	0	0	0	0	0	0	0	0	0	0	1	1	0	1	0	0	0	1	1	0	0	0	1	0	10	9	2	0	0	17	0	1	5	0	1	0	0	0	0	0	0	2	1	2	1	0	215	1	0	3	0	1	0	2	1	4	0	59	2	0	2	4	9	0	1	0	2	2	2	4	0	0	13	1	0	2	2	0	1	0	1	0	1	1	1	1	0	0	0	0	3	1	1	1	0	1	0	0	0	1	4	0	0	0	2	0	2	1	0	1	5	0	0	1	1	0	0	0	0	0	0	1	1	0	0	1	0	1	2	1	2	3	0	7	1	13	0	0	3	0	11	0	2	1	0	3	2	2	0	0	0	0	0	0	4	2	3	0	0	0	1	0	0	0	
0	0	0	0	0	0	1	0	0	0	0	1	0	1	0	0	0	2	1	1	0	0	1	0	0	4	0	1	0	0	0	0	0	0	0	0	1	0	0	0	0	0	2	0	0	0	0	1	0	0	0	0	0	0	0	0	0	0	0	1	3	4	3	0	2	5	0	11	3	2	0	2	10	3	0	1	3	3	2	2	0	1	1	214	0	0	2	0	0	2	4	2	1	3	0	1	0	5	0	1	2	0	7	0	1	0	0	0	3	5	1	0	1	18	0	0	0	2	0	1	0	0	1	3	5	1	2	0	5	1	9	5	1	0	0	0	12	2	4	0	2	0	1	1	3	0	1	2	2	1	1	4	0	0	0	1	0	0	1	1	9	3	0	7	0	0	0	1	0	6	0	3	6	0	2	2	0	5	1	3	1	0	0	0	4	0	1	8	2	3	1	0	0	3	1	0	1	0	0	0	
0	0	0	0	1	1	1	1	0	0	0	0	0	0	0	0	0	1	1	0	0	1	1	0	0	0	0	0	0	0	0	0	0	0	0	0	0	0	0	0	0	0	0	0	0	0	0	0	1	13	3	2	0	3	0	0	0	2	2	0	2	5	1	1	6	5	11	6	0	0	0	2	0	0	0	3	1	1	3	2	0	0	0	0	168	1	0	0	0	2	0	9	0	0	3	10	10	4	4	1	1	2	3	3	0	0	0	2	8	0	0	18	0	2	13	2	4	0	8	5	0	4	0	0	2	2	0	0	0	6	0	2	0	3	0	0	3	9	1	3	0	0	0	0	1	1	1	5	1	0	0	0	0	0	7	0	0	7	0	0	0	0	10	1	12	17	8	1	2	0	6	6	0	1	1	0	1	0	0	0	0	0	0	0	0	0	0	0	0	0	0	0	0	1	0	3	0	1	3	2	
0	0	0	1	0	0	4	1	0	0	1	0	0	0	3	0	1	0	1	2	1	1	0	0	0	0	0	0	0	0	1	0	0	0	0	0	0	0	0	0	1	0	0	0	0	0	0	1	0	0	0	1	1	1	0	1	3	0	0	0	5	4	20	7	1	0	0	3	0	1	0	0	0	0	2	0	2	1	6	3	0	0	1	0	1	304	0	0	0	4	5	3	0	4	0	0	0	0	0	0	1	0	0	0	0	6	0	0	2	0	0	0	1	1	1	0	0	0	0	1	3	0	1	1	0	2	1	1	1	2	1	1	3	0	13	0	1	0	2	0	1	0	0	0	2	1	0	0	0	6	0	1	2	0	0	0	0	1	1	0	0	1	6	1	1	1	0	0	2	11	4	0	1	1	0	0	1	0	0	0	0	0	0	0	0	0	0	1	1	0	2	0	1	0	0	1	0	0	0	0	
0	0	0	0	0	2	0	0	0	0	0	0	0	0	0	0	0	0	0	0	0	1	0	0	1	0	0	0	1	1	0	1	0	0	0	0	0	0	0	0	0	0	0	0	0	0	0	0	0	0	0	0	0	0	0	0	0	0	0	1	0	1	3	1	2	18	2	2	0	2	0	0	4	1	0	0	3	3	7	1	0	1	0	0	0	0	242	10	0	1	1	0	0	2	0	0	0	6	2	0	1	0	0	0	1	1	0	0	1	0	10	1	1	0	0	0	0	0	0	2	2	5	0	1	1	0	3	7	51	3	2	2	0	0	0	0	1	1	2	0	17	3	1	0	0	0	13	0	0	1	0	9	0	0	0	2	0	0	0	0	0	0	1	1	0	2	1	14	1	2	0	1	0	1	0	1	5	0	0	0	1	0	0	0	0	0	0	0	0	0	0	0	0	0	0	0	0	0	1	0	
0	0	0	0	0	0	0	0	1	0	0	0	0	0	0	0	0	0	0	0	0	0	0	0	0	0	0	0	0	0	0	0	0	0	0	0	0	0	0	0	0	0	1	0	0	0	0	0	0	0	0	0	0	0	0	0	0	0	0	1	0	1	1	4	7	1	0	3	0	4	5	0	2	1	0	1	3	0	3	0	4	1	0	1	1	0	5	270	4	7	0	0	7	0	4	0	0	7	5	1	1	0	0	8	1	0	1	0	2	0	10	0	0	1	3	0	3	9	0	0	0	5	1	2	0	1	2	3	2	1	1	0	1	1	0	0	1	0	0	1	3	2	2	0	3	1	9	1	0	0	5	8	0	7	1	8	5	2	0	0	6	0	3	0	0	0	5	1	1	0	0	0	1	0	2	3	0	0	0	0	0	0	0	0	0	0	0	0	0	1	0	0	1	2	0	0	0	0	0	0	
0	10	0	1	1	12	2	4	1	0	2	2	2	2	2	0	0	0	1	0	3	2	1	2	1	0	0	2	1	1	1	0	1	1	1	0	1	0	1	2	2	0	0	2	1	0	3	2	0	1	0	4	1	1	0	2	4	1	0	1	0	1	1	2	5	3	0	1	4	3	3	0	3	1	0	2	3	2	2	4	3	0	0	1	3	4	0	1	152	2	1	4	1	5	4	4	0	1	4	0	1	0	4	0	0	1	1	2	3	3	1	1	0	1	5	1	4	3	4	2	1	0	1	0	0	20	4	3	2	1	0	1	3	0	1	0	5	4	0	2	0	2	1	5	5	0	1	0	3	1	3	1	7	1	0	3	2	1	2	2	3	1	3	0	4	1	0	1	2	6	1	4	0	1	1	3	4	0	0	0	1	6	1	3	0	1	0	1	1	0	1	0	0	1	0	1	0	2	1	2	
0	1	1	0	0	0	0	1	1	0	0	1	0	0	0	1	1	0	0	0	0	0	0	2	0	0	0	0	0	0	0	0	0	0	0	0	0	0	0	0	2	0	0	1	0	0	0	0	0	1	0	0	0	2	0	0	0	0	1	1	1	6	3	8	3	3	4	5	0	2	2	0	1	1	0	1	0	0	15	1	0	0	1	0	0	1	3	6	0	285	3	3	1	6	1	0	6	7	3	0	0	1	0	4	0	0	0	1	1	0	2	2	1	8	0	2	2	2	0	0	0	3	0	0	0	1	1	0	2	0	0	1	0	0	4	0	2	1	1	0	5	0	2	0	0	1	5	3	1	0	0	3	1	1	0	0	0	1	0	0	2	0	2	0	2	1	3	5	1	1	2	2	0	0	0	1	4	1	0	0	0	0	2	0	0	0	0	3	0	0	0	0	0	0	0	0	0	1	3	0	
1	1	0	0	0	0	0	0	0	0	0	0	0	0	0	0	0	0	0	0	0	0	0	1	0	1	0	0	0	0	0	1	0	0	0	0	0	0	0	0	0	0	1	1	0	0	0	1	0	0	0	0	0	0	0	0	0	0	0	1	0	2	10	2	1	3	0	1	0	1	0	0	1	1	0	0	1	1	0	0	1	0	0	1	0	2	0	0	0	6	376	3	1	4	0	0	1	1	0	1	0	0	0	0	0	0	0	0	0	0	3	0	2	6	0	0	0	0	2	1	0	0	0	1	1	0	1	0	1	1	1	1	0	0	4	0	0	0	7	0	1	2	1	2	1	0	0	0	0	6	0	1	0	0	0	0	0	0	0	0	0	1	0	0	1	0	0	1	0	2	0	2	3	0	1	0	6	2	1	1	0	0	0	0	1	0	1	0	0	0	1	0	0	0	0	0	0	0	0	0	
0	1	0	0	2	4	1	1	1	0	1	0	0	0	1	0	0	0	0	0	0	0	1	0	0	0	0	0	0	1	0	0	1	1	1	1	0	0	0	0	1	0	0	0	0	0	0	0	0	0	6	0	1	0	1	0	0	1	0	0	0	1	0	2	2	1	1	1	0	0	0	0	1	0	0	1	2	0	3	2	0	0	0	0	0	0	0	0	0	0	1	395	0	0	0	1	4	0	0	0	0	1	0	0	0	1	0	0	0	0	1	0	2	0	0	1	0	0	1	4	0	0	2	0	0	1	1	1	0	1	0	1	0	0	0	0	1	0	0	0	0	0	0	0	1	0	1	0	0	0	0	0	0	0	0	0	0	1	0	0	0	0	2	0	2	4	2	0	0	0	6	2	1	1	1	0	0	0	0	0	0	0	0	0	0	0	0	0	0	0	0	0	2	0	1	7	0	1	0	0	
1	0	0	0	1	0	0	0	2	0	0	1	0	1	1	0	1	0	0	0	0	1	0	0	1	2	0	0	0	0	0	1	1	0	1	0	0	0	0	0	2	1	1	0	0	2	0	1	3	0	0	0	0	0	0	0	0	0	0	10	0	0	3	2	13	1	0	0	0	3	0	0	1	0	0	1	2	2	4	5	0	2	2	1	0	0	5	3	0	5	3	2	259	1	0	0	0	20	4	1	1	0	1	0	0	0	0	1	1	1	17	2	0	3	0	0	2	1	0	1	2	2	1	0	0	1	1	0	4	0	2	1	1	0	0	0	2	3	0	0	2	8	0	0	6	4	12	1	1	1	1	4	2	0	0	0	1	1	0	2	3	0	2	0	0	0	0	1	1	0	0	1	0	1	3	0	0	0	0	0	0	2	0	0	0	1	0	1	1	3	0	1	0	1	0	0	0	0	1	0	
0	0	0	0	0	1	0	0	0	0	0	0	0	0	0	1	0	2	0	1	0	0	0	0	0	0	0	0	0	0	0	0	0	0	0	0	0	0	1	0	0	0	0	0	1	0	0	0	1	0	0	0	0	0	0	1	0	0	0	3	0	5	3	0	1	14	2	2	3	0	0	0	0	0	0	0	0	0	2	0	0	0	5	0	0	0	1	0	0	3	2	1	1	341	0	0	1	3	0	0	0	0	3	3	0	0	0	0	2	0	0	0	0	0	0	0	0	0	0	1	0	0	0	0	0	1	1	1	1	1	0	0	0	2	0	0	3	0	0	0	4	0	0	0	0	4	13	0	0	1	4	0	0	1	1	0	0	0	0	0	0	0	0	1	1	1	1	3	0	2	0	14	0	0	1	0	13	1	1	0	1	2	0	1	0	0	0	1	2	1	0	1	1	0	0	0	2	0	0	0	
0	1	0	0	1	0	0	0	0	0	0	0	0	0	0	0	0	0	0	0	1	0	0	0	0	0	0	0	0	0	0	0	0	0	0	0	0	0	0	0	0	0	0	0	0	0	0	0	0	0	0	0	0	0	0	0	0	0	1	0	0	2	0	0	1	1	0	0	0	1	40	1	0	0	0	0	0	0	0	0	0	4	2	0	0	0	0	2	0	2	0	0	0	2	332	1	0	0	0	0	0	0	0	1	1	0	0	2	1	0	0	2	0	0	2	1	13	0	0	0	0	5	0	0	0	0	0	0	0	0	0	0	0	9	0	0	0	0	0	0	0	0	0	0	2	1	1	0	0	0	0	0	0	38	0	0	0	2	0	0	2	0	0	0	5	1	3	1	3	0	2	0	0	1	1	0	0	0	0	0	0	1	1	0	0	0	0	0	0	0	0	0	0	0	0	0	0	0	3	0	
0	0	1	0	0	0	0	0	0	0	0	0	0	2	0	0	0	0	0	0	0	0	0	0	0	0	0	0	0	0	0	0	0	0	0	1	0	0	0	0	0	0	1	2	0	0	0	0	0	1	0	0	0	1	0	0	0	0	0	1	0	4	1	0	3	3	4	0	1	0	0	8	1	0	0	0	0	1	1	0	0	0	0	0	2	0	1	1	0	0	0	2	0	0	0	305	1	1	1	1	0	9	1	2	0	0	0	3	5	0	0	0	0	3	1	3	0	0	4	1	0	1	0	0	10	3	1	0	0	4	1	0	7	1	0	1	0	7	0	1	0	1	1	0	0	9	4	0	0	0	0	2	1	0	6	0	0	11	0	2	0	0	3	0	3	4	7	1	1	1	3	2	0	4	0	1	1	0	0	1	1	0	0	0	0	0	0	0	0	0	0	0	0	0	1	0	0	0	8	0	
0	0	0	0	3	4	1	0	0	0	1	3	0	0	1	0	1	0	0	0	1	0	0	1	0	0	0	0	1	1	0	1	0	0	0	0	0	0	0	1	0	0	0	0	0	0	2	1	1	1	1	0	0	0	0	0	1	3	0	0	0	0	0	0	4	0	3	1	0	1	0	4	0	0	0	0	1	0	4	2	0	7	0	0	0	1	0	0	0	1	0	14	0	0	0	1	253	0	2	0	0	1	5	8	0	0	0	1	11	0	0	0	0	0	0	2	1	1	1	0	0	0	2	0	0	0	0	2	1	11	0	0	0	0	0	0	0	0	0	0	1	0	0	1	1	3	1	0	0	0	0	0	1	0	10	0	0	19	0	1	0	0	14	0	1	6	2	1	2	0	28	1	0	0	0	0	0	0	0	0	0	1	0	0	0	1	0	0	0	0	0	0	0	0	4	7	0	12	6	0	
0	0	0	0	0	1	0	0	0	0	0	0	0	0	0	0	0	0	0	0	0	0	0	0	0	0	0	0	0	0	0	0	0	0	0	0	0	0	0	0	0	0	0	0	0	0	0	0	1	0	0	0	0	0	0	0	0	0	0	0	0	6	0	1	1	11	0	3	4	2	0	0	1	0	0	0	0	0	1	1	1	0	1	0	1	0	10	1	0	16	0	2	2	3	2	2	1	330	15	1	1	0	0	1	0	0	0	0	1	0	4	2	1	4	0	1	1	0	0	0	0	10	0	0	1	0	0	1	2	2	1	0	1	1	0	0	0	1	1	1	9	0	0	0	0	4	4	3	0	0	0	2	0	0	0	0	0	0	0	0	2	0	0	0	0	0	1	4	1	0	0	4	0	0	1	1	2	0	0	0	1	0	0	0	0	0	0	0	0	0	0	0	0	0	1	0	0	0	1	0	
0	0	0	0	0	1	0	0	0	0	0	0	0	0	0	0	0	0	0	0	0	0	0	0	0	0	0	0	0	0	0	0	0	0	0	0	0	0	0	0	0	0	1	0	0	0	0	0	0	0	0	0	0	0	0	0	0	0	0	0	0	6	2	0	5	11	1	0	2	3	0	0	1	1	1	0	0	0	0	2	0	0	1	1	0	1	2	0	0	6	1	4	1	5	0	2	1	20	323	0	1	0	1	0	2	0	0	1	3	1	2	3	0	6	0	1	0	0	1	0	1	1	0	0	1	0	2	0	1	5	1	2	1	0	0	0	4	0	0	1	7	0	2	0	0	1	5	1	0	0	0	1	1	0	0	0	0	0	1	0	0	0	0	2	0	1	2	8	1	0	0	7	1	0	1	1	1	1	0	1	0	1	0	1	0	1	0	1	0	0	0	0	2	0	0	0	0	0	0	1	
3	1	1	0	1	2	0	0	1	1	3	0	0	0	0	0	0	1	0	0	2	0	0	0	0	0	0	0	0	0	0	1	1	0	0	0	1	0	0	4	2	0	4	2	0	0	1	1	0	0	0	0	0	1	0	1	0	0	1	5	7	2	2	1	4	5	1	0	3	7	0	2	0	1	0	0	0	7	3	8	2	5	1	5	4	0	0	3	2	5	2	1	4	0	0	2	1	1	4	149	3	0	10	2	2	0	3	0	3	1	6	4	0	5	2	1	1	1	0	10	3	0	12	6	4	20	2	0	1	3	0	6	4	0	0	1	2	11	3	4	2	1	2	3	2	1	0	2	0	1	3	2	0	0	2	1	2	3	1	5	3	0	0	1	1	1	1	1	2	6	4	3	1	2	2	2	2	0	0	0	1	3	0	0	0	2	0	1	1	0	0	0	0	1	2	0	0	1	2	0	
0	0	0	1	0	1	0	1	1	0	1	4	1	2	0	1	0	0	0	0	0	0	1	0	0	0	2	3	1	3	0	0	0	0	0	0	0	0	0	0	1	0	0	0	0	0	0	0	1	2	1	1	1	1	0	0	0	2	1	2	2	2	5	4	3	9	0	5	5	1	0	3	1	1	0	8	0	3	1	2	0	1	0	4	2	6	0	1	1	2	4	2	1	1	0	0	0	6	7	1	161	0	1	1	0	1	4	1	5	1	2	1	2	6	0	1	3	4	0	7	12	0	1	6	2	8	0	4	5	2	3	5	0	1	0	1	9	2	9	3	5	2	0	3	8	0	3	4	0	2	6	2	2	1	0	2	3	0	3	3	4	2	0	2	2	0	1	0	3	3	0	8	5	1	0	0	0	0	0	2	5	1	0	0	2	0	1	0	0	0	1	0	0	0	0	0	0	0	0	4	
0	0	0	0	0	0	1	0	0	0	0	1	0	1	1	0	0	0	0	0	1	0	2	0	0	0	0	0	0	0	0	0	0	0	0	0	0	0	0	0	0	0	1	1	0	0	0	0	0	0	1	0	0	0	0	0	0	0	0	1	1	0	0	2	4	1	3	0	0	0	1	14	1	0	0	0	0	0	0	3	0	1	0	0	0	0	1	0	1	0	0	0	0	0	0	19	1	0	2	0	1	287	4	1	0	0	0	1	1	0	0	0	0	5	0	0	0	0	10	0	2	1	0	0	11	2	0	0	2	5	0	1	31	0	0	0	0	7	2	3	2	0	1	0	0	0	6	0	3	1	0	2	1	0	1	0	0	4	1	0	0	0	2	1	1	4	3	0	4	0	4	1	0	4	0	1	2	0	0	1	0	0	0	0	0	0	0	0	0	0	0	0	0	0	3	0	0	0	4	0	
0	0	0	0	2	1	0	1	0	0	1	0	0	0	2	0	0	0	0	1	1	0	0	0	1	0	0	0	0	0	0	2	0	0	1	1	0	2	0	0	0	1	0	0	0	0	1	0	0	1	1	2	0	3	0	1	0	2	3	0	0	17	1	0	0	1	5	4	2	0	0	7	3	0	0	2	0	0	6	4	0	1	3	1	2	0	0	0	0	0	0	6	1	7	0	6	5	1	3	0	0	2	200	9	0	1	0	0	9	3	0	2	0	4	0	2	0	1	5	5	0	1	0	0	13	1	7	0	1	24	0	0	4	0	1	1	3	4	0	0	0	0	0	0	0	1	7	0	1	0	1	0	8	0	1	1	0	5	0	0	4	0	6	0	2	14	3	2	2	3	3	1	0	3	1	1	0	0	0	0	0	0	0	0	0	1	0	1	0	1	0	0	0	0	0	1	0	3	1	0	
0	0	0	0	0	0	0	1	0	0	0	0	0	0	0	0	0	0	0	0	0	0	0	0	0	0	0	0	0	0	0	0	0	0	0	0	0	0	0	0	0	0	0	0	0	0	0	0	0	0	0	0	2	1	0	0	0	1	0	0	1	2	0	0	1	4	3	2	0	0	1	1	1	0	0	0	1	0	4	1	0	1	0	0	0	1	0	2	0	0	0	0	1	1	0	1	3	0	3	0	0	0	2	396	0	0	0	0	2	0	0	0	0	1	1	4	0	0	2	0	0	6	0	0	3	0	1	0	1	3	0	0	0	0	0	1	0	0	0	0	0	0	1	0	2	2	8	1	0	0	0	0	0	0	1	0	0	1	0	0	1	0	3	0	1	1	5	0	0	2	3	1	0	0	0	0	2	0	0	0	0	0	0	0	0	0	0	0	0	0	0	0	0	0	0	0	0	1	1	0	
0	1	1	0	0	1	0	0	0	0	0	2	0	1	2	0	1	1	0	2	0	0	1	0	1	0	0	0	1	0	0	0	0	1	0	0	0	0	0	0	1	2	0	0	0	1	0	0	0	0	1	0	0	1	0	0	0	0	0	0	0	0	0	0	2	0	1	2	0	5	1	0	0	0	0	2	0	1	1	1	3	0	0	2	1	0	0	2	1	0	1	0	0	3	3	0	0	6	2	0	2	0	3	0	234	0	3	1	1	0	1	1	0	4	1	0	3	9	0	2	0	0	2	1	0	0	0	1	1	2	0	3	0	0	0	0	7	0	0	2	0	0	1	0	4	0	0	0	0	0	1	0	1	2	0	2	2	1	1	0	9	0	0	1	1	1	0	0	3	1	0	1	0	0	47	2	1	4	2	0	0	3	8	4	0	1	1	5	2	0	6	10	21	4	0	0	0	0	1	0	
0	0	0	1	0	4	2	0	0	0	0	0	2	0	0	0	0	1	1	0	1	0	1	0	1	2	3	0	0	2	1	2	1	0	0	1	0	0	0	0	0	0	1	0	0	0	1	0	0	1	1	2	0	4	1	9	3	6	1	0	17	3	3	7	0	9	0	2	3	1	0	3	2	1	3	2	3	8	2	3	0	1	0	0	2	29	0	0	1	0	7	3	0	0	0	0	2	0	0	0	0	0	1	0	0	135	2	0	1	0	0	2	6	3	1	0	0	0	5	18	15	0	1	6	0	7	0	2	9	2	0	1	0	0	6	0	8	1	4	0	1	1	0	0	2	0	0	0	0	1	0	2	2	0	0	3	4	1	2	0	0	2	2	1	0	3	0	2	4	32	2	1	2	1	1	2	3	0	1	1	4	1	0	3	0	1	0	0	2	0	0	0	0	0	0	0	0	0	0	1	
0	1	0	1	0	0	1	0	0	0	0	1	1	1	0	0	0	0	0	0	0	2	0	0	1	0	0	2	0	0	1	0	1	0	0	0	2	0	0	0	0	0	2	0	0	1	0	1	2	0	0	1	0	0	2	2	0	2	0	1	10	2	2	23	2	8	0	2	5	4	0	4	2	0	3	4	4	14	1	0	2	2	1	5	3	1	0	0	1	1	0	2	0	0	0	0	1	2	2	1	5	0	3	1	3	6	164	0	5	4	2	3	3	2	3	1	1	1	1	10	3	0	1	10	2	13	3	0	1	3	0	5	0	0	1	0	5	1	5	2	0	0	5	1	3	3	0	0	0	1	3	2	0	1	0	1	8	0	3	1	4	1	0	3	3	0	1	2	8	3	1	0	3	4	1	1	4	0	0	2	2	0	1	0	4	0	1	0	0	0	0	0	0	0	0	0	1	0	1	1	
0	0	0	0	0	0	0	0	0	0	0	1	0	0	0	0	0	0	1	1	0	0	0	0	0	0	0	0	1	0	0	0	0	0	0	0	0	0	0	0	0	0	0	0	0	0	0	0	0	1	0	1	0	0	0	0	1	0	0	0	0	1	0	0	0	3	1	0	1	2	1	0	1	0	0	0	0	0	2	0	3	2	2	2	2	0	1	0	0	1	1	1	0	1	8	3	1	2	0	1	0	0	2	0	0	0	0	335	6	1	0	4	0	0	16	5	10	0	4	2	0	1	0	1	0	1	0	0	1	0	0	1	1	5	0	0	4	0	2	1	0	0	2	0	0	2	1	2	0	0	1	1	0	6	1	0	0	1	0	0	0	0	0	1	11	1	4	0	1	0	1	1	0	0	0	0	3	0	0	0	0	1	0	0	0	0	0	0	0	0	0	0	0	0	0	0	0	3	3	0	
0	0	0	0	0	0	0	0	0	0	0	1	0	0	0	0	0	0	0	1	1	0	0	0	0	0	0	0	0	0	0	0	0	0	0	0	1	0	0	0	1	0	0	0	0	0	0	0	0	1	0	0	0	1	0	0	0	0	0	0	0	4	0	0	3	2	0	0	0	0	1	0	1	0	0	0	0	0	0	0	0	1	0	2	3	0	0	0	0	0	0	0	0	5	2	7	1	0	0	2	0	0	3	5	0	0	0	1	373	0	0	2	1	1	0	8	0	0	2	0	1	1	0	0	2	0	3	0	1	6	0	1	5	0	0	0	0	1	1	0	0	0	0	0	0	5	1	0	1	0	3	0	2	1	3	0	0	6	1	0	0	0	1	0	1	4	3	0	0	0	1	1	0	0	1	1	1	0	0	0	0	0	0	0	0	0	0	0	0	0	0	0	0	0	0	0	0	3	1	0	
0	0	0	0	0	1	0	0	1	0	1	0	1	0	0	0	0	0	0	0	0	0	0	0	0	0	0	0	0	0	0	1	0	0	0	0	0	2	0	0	2	1	2	1	0	1	0	0	0	0	0	0	0	0	0	1	0	0	0	0	4	4	1	0	3	4	0	1	0	1	0	1	12	1	0	0	2	0	1	1	1	1	1	4	0	0	2	0	1	0	2	0	2	1	0	4	0	1	4	1	1	0	7	0	0	1	0	0	3	318	2	0	1	3	0	0	0	2	1	1	1	0	3	0	0	4	4	3	3	0	5	0	1	0	0	3	3	1	4	0	2	1	0	0	5	1	1	2	0	1	1	0	3	0	0	1	2	1	1	2	0	1	0	0	0	0	0	8	2	1	0	0	3	3	0	2	0	0	0	1	1	0	0	0	0	0	0	0	0	0	1	0	0	2	0	0	0	0	0	0	
0	0	0	0	0	0	0	0	0	0	0	0	0	0	0	0	0	0	0	0	0	0	0	1	0	0	0	0	0	0	0	1	0	0	0	0	0	0	0	1	0	0	0	1	0	0	0	0	0	0	1	0	0	0	0	0	0	0	0	1	0	2	4	4	3	4	2	2	0	3	0	0	4	2	1	4	2	1	5	0	0	2	0	1	0	0	9	11	2	9	3	0	3	0	0	0	0	5	0	1	0	0	0	1	0	0	4	0	1	1	298	2	0	7	0	0	2	2	0	0	2	2	0	2	0	3	1	2	7	0	5	0	0	0	2	1	2	2	1	0	1	3	1	0	5	1	1	2	0	0	2	9	1	1	2	4	1	0	1	0	4	1	0	0	0	0	2	3	2	0	1	0	1	0	0	2	0	0	0	0	0	0	0	0	0	1	0	0	0	0	0	0	0	1	0	0	0	0	2	0	
0	0	0	0	0	0	0	0	0	0	0	0	0	0	0	0	0	0	0	0	0	0	0	0	0	0	0	0	0	0	0	0	0	0	0	0	0	0	0	0	0	0	0	0	0	0	1	0	0	1	0	1	0	0	0	0	0	0	0	0	2	3	0	1	3	8	0	0	0	0	2	0	0	0	0	0	1	0	0	0	0	0	0	0	3	0	1	0	0	0	1	0	0	0	1	0	0	0	2	0	0	0	0	1	0	0	0	2	7	0	0	388	0	1	3	0	4	1	9	5	0	1	0	1	1	1	1	0	1	0	0	1	1	1	0	0	1	0	0	0	0	0	4	3	0	0	1	0	0	0	0	0	0	0	0	0	1	1	0	1	0	0	1	1	7	5	5	1	3	0	0	1	0	0	0	0	3	0	0	0	0	0	0	0	0	0	0	0	0	0	0	0	0	0	0	0	0	0	0	0	
1	1	0	0	0	2	0	0	0	0	0	0	0	0	0	0	0	1	2	1	0	2	0	0	0	0	0	0	0	0	0	0	0	0	0	0	1	0	1	0	0	0	0	0	0	0	0	0	0	0	0	0	0	1	1	1	0	1	0	0	7	5	21	9	0	9	1	0	6	0	0	0	0	4	2	0	8	5	0	0	1	0	2	2	0	4	0	1	0	0	16	3	0	9	0	0	1	2	0	0	0	0	3	0	0	2	2	0	5	0	0	11	181	0	4	0	0	0	5	11	2	0	0	2	0	7	3	1	5	4	0	3	0	0	2	1	3	0	4	0	6	0	1	0	1	0	0	1	0	0	3	0	0	0	0	0	0	1	1	0	1	1	0	11	3	0	0	4	8	29	0	4	0	0	0	0	25	0	0	0	3	1	0	1	0	0	0	0	0	0	0	0	0	0	0	0	0	0	0	0	
0	0	0	0	0	1	2	0	1	0	2	0	0	0	0	0	0	0	0	0	1	0	0	0	0	0	1	0	0	0	0	0	0	1	0	0	0	0	0	1	0	0	0	0	0	0	0	1	0	1	0	0	0	0	0	0	0	0	0	3	1	1	10	1	4	2	0	4	0	6	0	1	4	2	0	2	3	0	4	4	0	1	0	5	0	1	0	1	0	1	5	4	2	2	0	0	0	2	3	0	0	0	2	0	0	0	0	0	0	2	3	1	0	326	0	0	1	2	1	0	3	0	1	0	2	2	4	0	3	2	1	0	2	0	1	0	0	0	3	0	6	2	0	0	0	0	3	1	0	0	1	2	0	0	0	3	1	1	0	0	2	0	0	0	0	0	1	1	1	3	0	0	0	2	0	0	3	1	0	0	0	2	0	0	0	0	0	3	3	1	1	0	1	1	0	0	0	0	1	0	
0	2	0	0	0	3	0	1	0	0	1	0	0	1	0	1	0	1	0	0	1	0	0	0	0	0	1	0	1	1	0	0	0	0	0	0	0	0	0	1	0	0	1	0	0	0	0	0	0	3	0	2	4	2	0	0	0	1	1	0	0	1	0	0	3	3	5	0	1	1	4	1	2	1	0	1	3	0	0	3	0	0	1	1	6	0	0	0	0	1	3	1	0	7	7	0	1	0	3	1	0	0	0	2	1	1	0	13	6	1	0	4	0	0	266	3	3	1	10	2	2	0	0	0	0	1	0	0	1	4	0	3	2	3	0	1	4	1	1	6	1	0	0	1	0	1	3	1	0	2	0	0	0	3	0	0	0	3	0	0	2	0	1	0	30	2	2	1	5	0	1	3	1	0	1	0	0	0	0	0	1	0	0	0	1	1	1	0	0	0	0	0	0	0	0	0	0	0	0	0	
0	0	0	0	0	0	0	0	0	0	0	2	0	0	0	0	0	0	0	0	1	0	1	0	0	0	0	0	0	0	0	0	0	0	1	0	0	0	0	0	0	0	0	0	0	0	0	0	0	0	0	0	0	0	0	0	0	0	0	0	0	0	0	0	1	0	1	0	1	0	1	2	0	0	0	1	1	0	2	0	1	1	0	1	1	0	0	0	0	2	0	1	0	2	2	4	5	1	1	0	0	1	3	1	0	0	0	5	11	0	0	0	0	0	1	368	0	0	1	0	0	2	0	0	0	0	1	1	1	0	0	0	0	3	0	0	0	1	0	0	0	0	0	0	0	21	4	1	1	0	0	0	0	3	3	0	0	4	1	0	0	0	0	1	2	0	5	0	1	0	0	1	0	0	1	0	0	0	0	0	0	1	0	0	0	0	0	0	0	0	0	0	0	0	1	2	0	2	8	0	
0	0	0	0	0	0	0	0	0	0	1	0	0	0	0	0	0	0	0	0	1	1	0	0	0	0	0	0	0	0	0	0	0	0	0	0	0	0	0	0	1	0	0	0	0	0	0	0	0	0	0	0	0	0	0	1	0	0	0	0	8	0	0	0	2	6	3	0	0	2	21	0	2	0	0	0	0	2	0	0	0	9	0	1	4	0	1	8	1	1	0	0	1	3	27	3	2	4	2	0	0	0	3	2	0	0	0	1	2	0	0	5	1	0	0	2	247	0	2	0	0	18	0	0	0	0	4	3	1	2	0	2	0	23	0	0	0	1	0	0	0	0	1	0	0	4	4	1	1	0	1	0	1	9	0	0	2	2	0	1	0	0	0	1	0	4	22	0	2	0	1	3	0	0	1	0	0	0	0	0	0	0	0	0	0	0	0	0	0	0	0	0	0	0	0	0	0	1	1	0	
0	1	2	0	0	1	0	2	0	0	0	1	0	2	0	1	0	0	1	0	1	0	0	0	0	0	0	0	0	0	1	0	0	0	0	0	0	0	0	0	0	0	0	0	0	0	0	0	0	0	0	1	0	0	0	0	0	0	0	0	0	0	1	1	2	0	0	5	0	1	0	1	1	1	0	0	0	0	2	0	3	0	0	0	1	0	0	2	1	2	0	0	0	0	0	2	0	0	0	0	2	0	1	0	0	0	1	0	2	0	0	0	0	2	0	1	0	393	0	0	0	1	0	0	0	1	0	1	0	0	1	0	1	0	0	0	3	0	0	6	2	0	0	0	1	0	1	0	1	0	1	1	1	0	0	13	2	0	0	0	3	0	0	0	1	0	0	0	1	0	0	0	2	1	1	1	1	1	0	0	1	2	0	0	1	0	1	0	2	0	0	0	1	1	0	0	0	0	0	0	
0	0	0	0	0	0	0	0	0	0	1	0	0	0	0	0	0	0	0	0	2	0	0	0	0	0	0	0	0	0	0	0	0	0	0	0	0	0	0	0	0	0	1	0	2	0	0	0	0	1	0	0	0	0	0	0	0	2	0	0	1	2	0	0	4	5	0	0	4	0	0	0	0	1	0	0	0	0	0	1	0	1	2	1	0	0	0	0	0	0	1	0	0	4	0	8	0	0	1	0	0	4	2	0	0	0	0	0	4	0	0	4	1	0	9	0	1	0	353	1	0	0	0	0	0	3	0	0	0	7	0	0	10	0	1	1	0	1	1	1	0	0	1	0	0	0	2	0	1	0	1	0	1	0	1	0	0	9	0	0	0	0	1	1	1	3	2	0	3	7	2	5	0	3	0	0	5	0	0	0	0	0	0	0	0	1	0	0	0	0	0	0	0	0	1	0	0	0	0	0	
0	1	0	0	0	3	0	0	1	0	0	1	1	2	0	1	0	0	1	1	0	1	0	0	1	1	0	0	2	0	2	0	0	0	1	1	0	0	0	1	0	0	0	0	0	0	0	0	0	2	0	1	0	4	0	1	0	6	2	0	9	4	0	7	2	12	0	2	3	0	0	2	0	1	0	2	3	11	3	0	0	1	2	0	5	5	0	1	0	0	2	19	0	7	0	2	0	0	4	1	2	0	4	1	0	4	2	0	16	2	1	15	2	3	2	2	1	0	5	152	6	1	0	7	0	9	1	0	5	6	0	2	1	0	0	0	3	2	3	1	0	0	3	3	1	0	5	1	1	1	7	0	0	0	0	0	2	1	3	0	1	0	3	2	6	11	1	6	2	4	2	8	1	2	1	0	9	0	0	0	1	0	0	1	0	1	0	0	0	0	0	0	0	0	0	0	1	0	0	0	
0	0	0	0	0	1	0	0	0	0	0	2	0	1	1	0	0	1	0	0	1	0	0	0	1	0	0	1	0	1	0	0	0	0	0	0	0	0	0	0	0	0	1	0	0	0	0	0	0	0	0	0	0	0	0	0	0	4	0	0	7	3	22	9	2	5	0	2	4	3	1	4	1	1	10	2	3	1	1	2	2	0	2	1	1	2	1	1	0	0	6	2	1	0	0	1	0	1	1	0	4	0	5	1	0	4	1	2	3	0	1	4	5	6	2	0	1	0	1	5	207	0	0	5	0	6	0	5	1	2	2	7	1	2	7	0	5	2	7	1	4	0	1	0	4	1	1	0	0	2	5	2	0	0	0	0	0	0	7	0	0	2	2	4	1	2	2	2	3	4	1	7	6	1	0	0	3	0	0	0	2	0	0	0	0	2	0	1	1	0	0	0	1	0	1	0	0	0	0	0	
0	0	0	0	0	0	0	0	0	0	0	0	0	0	0	0	0	0	0	0	0	0	0	0	0	0	0	0	0	0	0	0	0	0	0	0	0	0	0	0	0	0	0	0	0	0	0	0	0	0	0	0	0	0	0	0	1	0	0	1	3	1	0	0	3	3	2	2	0	0	6	0	0	0	0	0	0	0	0	0	0	1	0	1	1	0	3	1	0	1	0	0	0	0	4	2	0	3	2	0	0	0	2	5	0	0	0	0	3	0	0	4	0	0	0	3	6	0	2	0	1	323	0	0	0	0	0	0	8	1	0	0	0	26	0	0	0	1	0	0	2	0	0	0	1	16	10	0	0	0	1	1	0	5	0	0	0	1	0	0	0	0	4	0	2	8	12	1	0	1	0	6	0	0	0	0	2	0	0	0	0	0	0	0	0	0	0	0	0	0	0	0	0	0	0	0	0	0	1	0	
0	1	2	0	1	0	4	7	2	0	6	6	0	3	1	1	6	0	0	1	7	2	3	0	1	0	0	0	0	1	1	0	0	0	3	0	0	0	3	1	4	2	3	4	0	0	4	0	0	0	0	1	4	2	3	0	4	2	1	4	2	1	0	1	12	0	2	1	0	3	1	3	2	0	1	0	5	1	2	8	1	1	1	2	2	4	0	1	0	3	0	13	3	1	0	3	1	1	4	9	4	0	3	0	1	4	0	1	0	7	1	2	0	9	0	1	0	4	0	0	2	0	146	0	0	16	3	0	1	4	1	1	5	0	0	0	1	7	2	3	1	1	0	0	4	0	0	1	1	3	1	1	1	0	4	1	0	4	0	5	1	1	10	1	0	3	0	1	0	2	1	3	0	1	0	4	2	0	0	0	1	0	1	0	1	4	1	1	0	0	1	1	1	0	0	0	0	0	4	1	
0	1	0	0	0	0	1	0	0	0	0	2	0	0	0	0	0	0	1	0	1	1	0	1	3	0	2	3	0	2	0	1	0	1	0	0	0	0	0	0	0	0	0	0	0	1	0	1	0	0	0	2	0	1	0	1	0	6	1	1	10	2	1	9	1	4	0	4	6	4	1	0	1	0	3	3	1	16	0	1	2	1	0	5	1	2	1	1	0	2	3	0	0	1	0	0	0	5	2	4	8	1	0	0	2	2	9	1	1	3	1	3	5	5	1	0	2	2	0	2	7	0	0	195	0	4	0	1	2	1	3	14	1	0	2	1	6	0	2	1	4	1	1	1	3	3	2	1	1	0	4	0	0	1	0	0	4	0	1	0	1	0	1	8	0	2	0	0	2	8	0	6	0	1	3	0	5	0	1	2	7	2	1	2	1	0	0	0	1	0	0	0	0	0	0	0	0	0	0	0	
0	0	0	0	0	0	0	1	0	0	0	1	0	0	0	0	0	0	0	0	0	0	0	0	0	0	0	0	0	0	0	0	0	0	0	0	0	0	0	0	0	0	0	0	0	0	0	0	0	0	0	0	0	0	0	0	0	0	0	1	0	0	0	0	1	1	3	1	0	0	0	16	0	0	0	0	3	0	1	2	0	0	0	1	2	0	0	0	0	0	0	1	0	2	0	4	0	0	1	0	0	2	4	0	0	0	0	0	1	0	0	0	0	0	0	0	0	0	2	0	0	3	0	0	398	1	0	0	1	4	1	1	4	0	0	0	1	6	0	0	0	1	1	0	1	0	0	0	0	0	0	0	1	0	0	0	0	3	0	1	0	0	2	0	0	6	0	0	1	1	1	0	0	3	0	0	2	0	0	0	0	0	0	0	0	0	0	0	0	0	0	0	0	0	1	2	1	1	0	0	
0	0	0	0	2	0	0	0	0	0	2	0	0	0	0	0	0	0	1	0	0	1	0	0	0	0	1	1	0	1	0	0	0	0	0	0	0	2	0	1	0	0	2	1	0	0	0	1	1	0	0	0	0	1	0	0	2	0	0	3	7	2	1	2	3	8	0	0	8	0	0	2	8	1	2	1	1	11	0	3	0	1	1	1	1	1	1	1	6	3	1	2	0	2	5	4	1	5	6	5	3	0	1	1	1	3	1	2	10	3	0	0	0	6	4	0	1	0	2	6	4	0	3	2	1	237	2	2	4	2	1	1	0	0	0	0	2	5	6	1	1	4	0	1	2	2	2	3	1	0	1	0	3	1	0	0	0	3	1	2	0	0	0	0	0	0	0	2	5	0	1	7	0	1	0	1	3	0	0	0	4	1	0	0	0	0	0	0	0	1	0	0	0	0	0	0	0	0	0	0	
0	0	0	0	0	0	0	0	0	0	0	0	0	0	0	0	0	0	0	0	1	0	0	0	0	0	0	0	0	0	0	0	0	0	0	0	0	0	0	0	0	0	0	0	0	0	0	0	0	0	0	0	0	0	0	0	0	0	0	7	4	38	0	0	11	1	0	0	0	0	0	1	0	1	1	0	0	0	2	1	0	0	0	0	0	0	2	1	0	1	1	0	5	5	0	0	0	2	3	0	0	0	2	3	0	1	0	0	7	1	1	0	0	1	0	1	0	0	1	1	1	0	0	0	0	0	324	3	4	23	0	0	0	0	0	0	0	0	0	0	0	0	3	0	0	0	4	0	0	0	0	4	0	0	2	0	0	0	0	0	0	0	0	2	0	2	2	1	1	6	2	3	0	1	0	0	5	0	0	0	0	0	0	0	0	0	0	0	0	0	0	0	0	0	0	0	0	0	0	0	
0	0	0	0	0	1	2	0	0	0	0	0	0	0	1	0	0	0	0	0	0	0	0	1	0	0	0	0	0	0	0	0	0	0	0	0	0	0	0	0	0	0	0	0	0	1	0	0	1	1	0	0	0	0	0	0	0	0	0	0	2	3	2	3	2	4	3	3	1	3	5	1	2	1	1	1	5	1	7	0	0	3	1	1	0	2	4	6	0	4	3	2	0	3	1	2	4	2	2	1	5	0	2	1	2	0	0	0	5	2	4	10	1	5	1	1	1	4	2	3	3	3	2	1	2	1	1	244	18	1	2	1	4	4	1	0	2	0	2	1	2	1	2	1	0	3	2	1	2	1	1	3	1	1	3	1	0	0	0	0	0	0	2	3	1	4	0	5	5	3	2	0	1	2	1	1	4	0	0	0	0	0	0	0	0	0	0	0	0	0	0	0	0	0	0	0	0	0	0	0	
0	0	0	0	1	0	0	0	0	0	0	0	0	0	0	0	0	0	0	0	0	0	0	0	0	0	0	0	0	0	0	0	0	0	0	0	0	0	0	0	0	0	0	0	0	1	0	0	0	0	0	0	0	0	0	0	1	0	0	0	2	5	2	1	4	13	1	3	0	0	1	0	1	0	0	1	1	2	3	2	0	0	2	0	0	0	17	1	0	0	0	0	1	5	0	1	1	5	3	0	2	1	1	4	0	1	0	0	4	1	3	1	0	1	1	0	0	1	1	0	1	3	1	0	0	1	1	2	315	0	0	0	0	0	0	0	0	0	7	0	5	4	1	1	1	3	4	0	0	1	0	6	1	0	0	2	0	0	0	1	0	0	0	1	1	2	1	16	1	6	0	1	1	0	0	1	4	0	0	0	0	0	0	0	0	1	0	0	0	0	0	0	0	0	0	0	0	0	0	0	
0	0	0	0	0	0	0	0	0	0	1	2	0	0	1	0	0	0	0	1	0	1	0	0	0	0	1	0	0	0	0	0	0	0	0	0	0	0	0	0	1	0	0	0	0	1	0	0	0	0	0	0	0	0	0	0	0	1	1	3	4	6	4	0	2	3	2	3	1	3	0	4	0	0	0	0	1	2	4	1	0	0	1	0	1	0	0	0	0	0	1	2	0	2	0	1	5	0	3	0	0	0	0	3	0	3	0	0	5	0	0	1	0	2	4	1	0	0	7	0	0	2	1	0	0	2	6	1	3	309	0	0	1	0	1	1	0	1	0	0	2	0	0	0	0	1	3	0	0	0	0	0	2	0	1	0	0	2	0	0	0	1	14	2	0	13	3	2	0	5	9	3	1	2	0	0	3	0	0	0	1	0	0	0	1	0	0	0	0	0	0	0	0	0	0	0	0	2	2	1	
0	0	0	0	0	1	1	1	0	0	0	0	0	3	0	0	1	0	0	0	0	1	0	0	0	0	0	0	0	0	1	1	1	0	0	0	1	1	0	0	1	0	2	0	0	1	0	2	0	0	0	1	0	0	0	1	0	2	0	5	0	1	3	1	1	2	1	5	1	1	0	1	10	6	0	0	0	1	3	2	8	0	0	5	1	1	1	4	1	3	2	2	0	3	0	0	0	1	1	0	1	0	0	0	1	0	0	0	0	5	6	0	0	11	1	0	0	5	0	0	0	4	0	0	0	2	0	4	3	1	245	1	0	0	0	7	2	0	7	0	2	5	0	2	4	0	4	1	1	1	2	5	0	0	0	2	0	0	2	2	4	5	1	1	1	1	0	0	3	0	0	0	9	0	0	0	0	1	0	3	5	3	1	3	2	0	3	7	3	0	0	1	0	2	0	0	0	0	1	1	
2	0	1	0	0	4	0	1	1	0	1	0	0	0	0	0	0	0	0	0	0	1	0	0	1	0	1	1	2	2	0	0	0	0	0	0	0	0	0	0	1	0	0	0	0	0	0	0	0	0	0	1	0	0	0	0	2	2	2	0	10	2	5	2	0	7	1	3	3	6	1	2	4	0	1	3	1	11	1	11	3	1	1	6	1	2	3	0	0	0	4	2	0	2	0	0	2	3	5	6	9	1	2	0	1	3	3	1	2	4	3	1	4	12	2	0	0	2	4	4	6	2	2	6	2	10	2	1	6	1	1	125	4	0	1	1	4	1	17	2	6	1	3	3	6	0	1	1	2	2	5	3	0	0	0	1	0	0	3	3	2	4	0	3	1	1	1	4	0	6	0	11	5	0	2	4	8	0	0	0	6	0	1	0	1	1	1	1	2	1	0	0	0	0	0	0	0	0	0	1	
0	0	0	1	1	0	0	0	1	0	1	3	0	3	0	1	0	0	0	0	2	1	0	0	0	1	0	0	1	1	0	0	0	0	0	0	0	0	0	0	1	0	0	1	0	1	1	0	0	0	0	0	1	3	0	3	0	1	0	1	4	3	2	1	7	3	1	1	0	1	0	12	3	0	1	1	5	0	3	6	0	1	1	1	1	0	1	0	1	0	0	0	0	2	0	30	1	0	1	3	1	22	3	2	0	0	0	1	7	3	1	1	1	7	2	1	2	0	13	2	4	0	3	0	14	8	0	2	3	4	1	5	173	0	2	0	0	4	2	10	4	1	3	0	0	0	2	0	1	0	2	0	1	0	0	0	0	3	0	2	1	0	1	5	2	1	1	3	5	8	3	6	0	5	0	1	0	0	0	0	0	0	0	0	0	1	0	0	0	0	0	0	0	0	1	0	0	1	5	0	
0	0	0	0	0	0	0	0	0	0	0	0	0	0	0	0	0	0	0	0	0	0	0	0	0	0	0	0	0	0	0	0	0	0	0	0	0	0	0	0	0	0	0	0	0	0	0	0	0	0	0	0	0	0	0	0	0	0	0	0	1	2	0	0	0	3	0	0	0	0	7	2	1	0	0	0	1	0	0	0	0	2	0	0	1	0	1	0	0	1	0	0	0	1	7	1	0	1	1	0	0	0	0	2	0	0	0	1	3	0	1	1	1	0	2	0	9	0	1	0	0	13	0	0	0	0	0	0	4	1	0	0	0	373	0	1	1	0	0	0	1	0	0	0	0	11	4	1	0	0	0	0	0	7	0	0	0	1	0	0	0	0	0	0	3	0	21	2	0	0	0	1	0	0	1	0	0	0	0	0	0	0	0	0	0	0	0	0	0	0	0	0	0	0	0	0	0	0	0	0	
0	1	0	0	1	0	3	1	0	0	1	0	0	1	4	0	1	2	1	0	0	0	0	0	0	1	1	2	0	3	0	0	0	0	0	0	0	0	0	0	0	0	0	0	0	0	0	1	0	0	0	0	0	0	1	1	0	1	2	1	4	2	16	5	0	0	1	1	0	3	0	1	0	0	0	0	2	2	4	4	1	0	0	1	0	37	0	0	0	0	6	2	0	1	0	0	1	1	1	0	0	0	4	0	0	4	2	0	0	0	0	0	3	4	2	0	0	0	1	3	3	0	1	3	0	2	1	1	1	0	0	1	0	0	282	0	2	0	1	0	0	0	0	1	1	0	0	0	0	7	0	0	0	0	0	1	1	1	0	0	1	0	4	1	1	2	2	0	2	11	0	1	0	0	0	1	2	0	1	0	2	0	1	0	0	0	0	0	0	0	5	1	2	0	1	0	0	0	0	0	
2	2	0	0	0	2	0	0	0	0	0	0	0	0	0	0	0	0	0	0	0	0	0	0	0	0	0	1	0	0	0	0	0	0	2	0	1	0	0	0	0	0	0	1	0	0	1	0	0	0	0	0	0	1	0	0	0	1	2	2	0	8	6	2	2	7	0	5	0	1	0	4	9	47	0	1	2	5	4	2	6	0	0	5	0	4	0	0	2	1	15	1	0	17	0	3	0	1	0	1	1	0	2	2	0	0	0	1	8	2	2	4	1	3	4	1	2	2	0	0	1	2	0	3	0	0	3	3	7	3	9	3	1	1	0	171	1	0	5	0	5	4	0	2	3	2	7	1	1	0	3	0	1	1	0	4	0	0	0	1	0	1	0	1	1	1	2	2	1	1	0	1	5	2	0	1	7	0	0	0	1	0	0	1	2	0	1	0	1	2	0	0	0	2	0	0	1	0	0	1	
0	0	1	2	0	1	0	0	0	0	0	0	0	0	0	0	0	0	1	0	0	1	0	1	0	0	0	0	1	1	2	1	2	0	1	0	0	0	0	0	1	0	0	0	0	0	1	0	1	3	0	0	1	1	1	0	0	3	1	0	0	1	2	1	2	9	0	4	1	3	1	0	1	0	3	0	2	1	0	0	1	1	2	2	2	3	0	0	1	0	0	4	0	2	1	0	0	4	5	0	2	0	2	0	2	1	0	1	1	0	0	1	1	1	1	0	0	0	1	2	5	0	1	1	1	3	0	2	0	0	0	2	0	0	0	0	306	1	3	1	3	0	3	2	5	0	0	2	0	1	1	0	0	0	0	0	0	0	1	0	11	0	0	0	3	2	0	0	1	1	0	2	2	0	0	2	3	0	1	3	2	2	2	0	2	0	0	0	0	0	0	0	1	12	0	0	0	0	0	1	
0	0	0	0	0	1	0	0	0	0	0	3	0	0	1	0	0	1	0	0	1	1	0	0	0	0	1	0	0	0	0	0	0	0	0	0	0	0	0	0	0	0	0	0	0	0	2	2	0	2	0	0	0	0	0	1	0	0	0	0	1	1	1	2	4	6	2	3	2	3	1	21	2	1	0	2	1	1	0	3	1	4	0	1	8	0	0	1	2	2	0	2	0	1	5	13	6	3	8	3	0	5	4	2	2	1	0	0	4	1	0	3	0	0	2	4	6	0	3	1	1	1	0	0	27	4	0	3	1	3	0	1	7	4	0	0	1	176	3	1	0	0	0	1	1	4	0	2	1	0	2	0	1	0	2	0	0	13	0	3	1	0	5	1	3	8	4	1	2	2	1	11	2	5	2	0	0	0	0	0	1	0	0	0	0	0	0	2	0	0	0	0	0	0	3	2	0	5	5	0	
0	0	0	0	0	0	0	0	0	0	0	0	0	2	1	0	0	0	0	0	1	0	1	0	0	0	0	0	0	0	0	0	0	0	0	0	1	0	0	0	0	0	0	0	0	0	0	0	1	0	0	0	0	0	0	1	0	0	0	0	3	2	7	3	3	8	1	4	6	1	0	3	1	3	1	1	1	0	2	0	2	0	2	5	2	0	4	1	1	1	8	0	1	2	0	1	0	5	1	2	4	0	4	2	1	1	2	0	7	4	6	3	2	13	3	0	0	0	3	3	10	0	0	3	1	2	3	3	7	2	5	13	1	1	1	0	2	1	199	2	5	3	0	1	1	1	2	1	2	0	1	4	0	0	1	3	1	2	0	0	3	1	1	5	1	3	1	8	6	13	0	5	3	1	1	2	4	0	0	0	1	0	0	1	0	0	0	1	0	1	0	0	0	0	0	0	0	0	0	0	
0	3	0	0	1	3	0	1	1	0	0	5	1	0	0	0	0	2	0	1	5	0	3	0	0	0	0	3	1	0	1	0	0	0	0	0	0	1	0	1	4	1	0	1	0	0	0	0	0	0	0	0	4	0	0	1	1	0	1	0	4	1	1	4	7	3	2	2	4	1	2	3	5	0	0	5	3	1	2	1	0	2	0	3	1	0	2	5	4	0	1	2	0	7	1	13	1	0	0	5	5	2	0	0	0	0	3	6	6	3	0	1	0	2	13	4	2	9	6	4	0	1	0	2	1	5	1	0	5	1	1	4	5	1	1	1	4	9	1	157	0	2	0	1	1	0	0	4	3	0	1	1	0	2	2	4	2	6	4	1	2	0	3	1	6	1	1	3	2	1	2	6	0	1	1	1	4	0	0	1	0	2	0	0	0	2	0	0	0	1	0	1	0	0	2	0	2	8	2	0	
0	0	0	0	0	0	0	0	0	0	0	0	0	0	0	0	0	0	0	0	0	0	0	0	0	0	0	0	0	1	0	0	0	0	0	0	0	0	0	0	1	0	0	0	0	0	0	1	1	0	1	0	0	0	0	0	1	0	0	3	1	2	5	0	4	9	0	6	0	3	0	0	3	1	0	0	1	2	2	3	1	2	1	0	0	0	3	3	0	4	0	0	0	6	0	0	1	7	1	0	0	0	1	0	0	0	1	0	0	1	3	2	1	4	0	2	0	0	0	0	1	3	0	1	1	0	1	0	12	3	0	0	1	0	0	0	0	1	0	0	325	1	1	0	0	1	1	0	1	0	1	8	0	1	0	0	0	1	0	1	0	0	1	0	0	0	2	14	1	1	1	3	2	0	2	0	8	0	0	0	1	1	0	0	0	0	0	0	0	0	1	0	1	0	0	0	0	0	0	0	
0	0	0	1	0	1	2	1	0	0	2	1	0	0	0	1	0	0	0	0	0	0	0	0	2	1	0	0	1	1	1	3	1	0	0	0	0	0	0	0	0	1	1	0	1	0	0	0	1	0	0	0	0	1	0	1	1	1	0	1	1	1	4	2	2	2	3	1	2	5	0	1	4	3	2	5	0	4	3	2	1	0	0	4	1	0	5	6	0	4	2	1	4	0	0	3	1	4	0	3	1	0	0	4	2	0	0	1	1	2	21	0	1	4	1	0	0	3	0	1	0	0	3	3	0	5	3	0	2	0	7	1	1	2	0	0	1	2	3	1	5	244	3	1	8	1	3	1	0	2	0	3	0	1	2	4	0	1	0	3	4	2	0	1	1	1	1	1	0	1	0	1	0	0	0	0	0	0	1	0	1	5	1	2	0	0	0	1	0	1	0	0	0	2	0	0	0	1	0	0	
0	0	0	0	0	2	0	0	0	0	0	1	0	0	1	0	0	0	0	1	1	0	0	0	0	1	0	0	0	0	0	0	0	0	0	0	0	0	0	0	0	0	0	0	0	0	0	0	2	1	0	0	3	0	0	0	0	0	0	0	0	9	9	2	14	3	1	0	1	3	0	0	0	0	1	0	3	1	1	2	3	1	0	0	0	1	2	0	0	3	1	1	0	3	0	1	1	8	12	0	1	1	1	2	0	0	2	0	4	1	2	6	0	4	6	1	0	1	0	0	1	3	0	1	0	2	4	0	4	5	1	1	0	0	0	0	3	2	1	0	1	0	284	1	6	1	1	0	0	0	2	5	0	1	1	0	0	1	1	0	2	0	0	1	5	0	4	9	1	1	0	0	1	1	0	3	4	1	0	0	0	0	0	2	0	0	0	0	0	0	0	0	0	0	0	0	0	0	0	0	
0	0	1	0	0	1	0	0	0	0	0	0	0	0	0	3	0	0	2	0	0	0	0	0	0	0	0	1	2	0	0	0	0	0	0	1	0	0	0	0	0	0	0	2	0	0	0	0	0	4	0	0	4	0	0	0	0	1	0	0	1	0	0	0	1	1	0	0	12	0	0	1	0	0	2	1	0	0	0	0	3	1	0	0	2	0	0	2	0	0	1	1	0	1	0	3	1	0	0	2	2	0	0	1	0	0	0	3	1	0	0	3	3	3	10	1	0	0	12	2	1	0	0	1	0	2	0	0	0	2	1	1	0	2	0	0	2	1	1	1	0	0	0	349	1	0	0	0	1	0	2	1	0	3	0	0	0	0	1	0	0	0	0	2	1	0	1	0	2	0	1	8	1	0	1	1	2	1	0	1	0	0	0	1	0	1	0	1	1	1	0	0	0	0	0	0	0	0	0	1	
0	2	1	0	0	2	0	1	1	0	2	1	0	1	0	0	1	1	1	0	1	2	0	0	1	0	0	1	2	0	0	0	0	0	0	0	0	0	0	0	0	0	0	1	0	1	0	0	0	0	0	0	0	0	0	1	0	3	0	2	2	1	2	3	2	0	0	1	1	4	1	0	1	1	1	1	5	3	0	2	1	0	0	1	0	1	0	2	0	0	5	2	1	1	1	1	0	2	0	0	0	0	1	0	1	0	2	0	2	2	1	0	0	1	0	0	0	3	0	0	4	0	1	0	2	0	0	2	2	2	0	1	0	0	0	0	6	1	1	1	0	1	3	0	324	2	0	1	0	2	5	1	1	2	0	0	3	1	0	0	4	1	1	0	1	0	0	0	4	4	0	2	3	0	1	7	1	0	0	2	0	5	0	0	0	1	1	0	0	0	0	0	0	0	0	0	1	0	1	0	
0	1	0	0	0	0	0	0	0	0	0	0	0	0	0	0	0	0	0	0	0	0	0	0	0	0	0	0	0	0	0	0	0	0	0	0	0	0	0	0	0	0	0	0	0	0	0	0	0	0	0	0	0	1	0	0	0	0	0	0	1	1	0	1	2	2	2	1	1	0	2	1	0	0	0	0	0	0	0	0	0	0	0	0	0	1	0	0	0	1	0	0	0	2	2	0	0	3	2	0	0	1	3	2	0	0	0	0	1	0	0	1	0	0	2	2	3	0	1	0	0	3	0	0	1	0	0	0	3	3	0	1	1	5	0	0	0	0	1	0	1	0	0	0	0	396	5	0	0	0	1	0	0	1	1	0	0	1	0	0	1	0	0	0	2	1	17	3	0	0	3	3	0	0	0	0	2	0	1	0	0	0	0	0	0	0	0	0	0	0	0	0	0	0	0	0	0	0	0	0	
0	0	0	0	0	1	0	0	0	0	0	0	0	0	0	0	0	0	0	0	0	0	0	0	0	0	0	0	0	0	0	0	0	0	0	0	0	0	0	0	0	0	0	0	0	0	0	0	0	0	0	0	0	0	0	0	0	0	0	2	2	2	0	0	3	6	0	0	0	1	1	1	0	0	0	0	0	0	4	0	0	0	0	0	0	0	0	1	0	0	0	0	1	3	0	2	2	1	1	0	0	1	1	4	0	0	0	0	0	0	1	0	0	0	0	1	1	0	2	0	0	1	0	1	0	0	0	1	2	2	0	1	0	0	0	0	0	0	0	0	0	2	0	0	0	2	423	1	0	0	0	0	0	0	3	0	0	1	0	0	0	0	2	0	0	3	0	0	0	0	0	4	0	0	0	0	5	0	0	0	0	0	0	0	0	0	0	0	0	0	0	0	0	0	0	0	0	1	0	0	
0	0	0	0	0	2	0	0	1	0	0	0	0	1	0	0	0	1	0	0	0	1	0	0	0	0	0	0	0	0	1	1	0	0	0	0	0	0	2	1	0	0	0	0	0	0	0	0	2	0	1	1	0	1	0	1	0	0	1	0	1	13	3	2	3	10	0	2	1	6	9	0	6	2	0	0	0	0	1	1	0	4	2	3	0	0	5	3	0	2	3	2	2	6	0	3	0	40	10	2	4	0	3	1	0	0	0	2	5	2	2	5	2	4	2	1	1	1	1	2	2	7	0	1	0	5	6	2	5	1	0	0	0	0	0	1	5	0	1	0	8	2	3	0	4	1	3	200	0	1	1	1	1	1	0	2	1	1	0	0	1	0	0	0	6	0	2	3	4	2	2	2	2	0	0	0	3	0	0	0	1	2	0	0	0	0	0	0	1	0	0	0	0	0	0	0	0	0	0	0	
0	0	1	0	0	0	0	0	1	0	0	4	0	5	2	0	0	0	0	0	2	1	2	15	0	0	0	1	0	0	0	1	0	0	0	0	0	1	1	0	0	1	1	0	0	0	5	0	0	1	0	0	0	4	0	2	0	0	1	0	3	0	1	4	0	2	1	1	1	0	0	2	1	1	4	4	0	2	0	1	0	0	0	0	2	0	0	0	0	1	3	1	1	1	0	3	2	0	0	0	1	0	2	0	1	1	1	3	3	1	0	0	1	0	3	10	0	1	1	0	2	0	0	2	0	2	0	0	0	0	0	0	0	0	2	1	1	0	2	5	0	1	0	0	1	3	0	0	273	0	6	0	1	0	1	0	8	3	13	1	0	0	0	1	4	1	1	0	2	0	1	2	1	1	0	1	1	0	0	1	3	3	0	0	1	0	1	1	0	0	0	0	0	1	3	3	8	6	2	0	
0	1	0	0	0	4	1	1	0	1	1	1	0	0	3	0	1	1	0	0	0	2	0	0	0	1	1	0	1	0	2	0	1	0	0	0	0	0	0	0	2	0	1	0	1	2	0	1	0	0	0	0	0	0	0	2	1	0	0	0	1	0	7	4	3	1	0	2	0	2	1	1	2	1	1	0	1	1	2	8	2	0	1	2	0	11	0	0	1	1	24	2	0	3	0	0	0	1	0	1	3	0	1	0	0	0	0	0	1	1	2	2	2	8	0	0	0	0	0	1	5	0	0	0	3	2	1	3	2	1	2	4	0	0	3	1	0	0	3	0	1	2	2	0	13	0	0	0	0	274	5	0	0	0	0	0	0	0	0	2	2	0	2	0	0	1	0	1	1	5	2	3	3	0	0	0	2	0	1	0	1	0	1	1	2	0	1	0	1	0	0	0	0	0	0	0	0	0	0	0	
0	1	1	0	1	1	0	0	0	0	0	1	0	0	1	2	0	0	1	0	0	1	0	0	0	0	0	3	0	0	0	0	1	0	0	0	0	0	0	0	0	0	1	0	0	1	0	2	0	1	0	0	0	0	1	2	0	1	0	0	4	1	2	2	1	6	1	3	2	1	0	1	0	1	0	1	0	3	1	1	1	0	3	4	1	1	0	0	0	1	1	3	0	4	1	0	0	2	4	0	1	0	2	0	3	1	1	0	1	4	1	3	0	5	2	0	1	0	0	3	1	1	0	4	0	5	0	2	1	1	2	3	0	0	0	0	2	1	1	0	0	0	1	1	4	0	0	0	1	2	297	3	0	0	2	0	2	1	3	1	1	1	0	3	0	0	0	0	5	4	1	3	3	1	3	2	10	3	0	1	0	4	0	1	1	0	0	1	1	0	0	0	0	1	0	0	0	0	0	0	
0	0	0	0	0	2	2	0	0	0	0	1	0	0	0	2	1	1	0	0	0	1	0	1	2	2	0	2	1	0	1	2	4	1	0	0	0	0	0	0	1	0	1	0	0	0	0	0	0	1	0	0	0	0	0	0	0	0	0	9	1	1	6	1	1	7	0	7	0	4	1	0	2	1	0	1	1	2	5	2	2	3	0	1	0	1	0	3	0	10	3	3	1	0	0	1	2	5	9	0	3	0	1	1	1	0	1	2	5	1	5	1	0	9	0	0	0	4	0	1	1	0	2	0	0	1	3	1	5	1	0	1	0	0	1	0	3	1	6	0	5	2	4	0	0	1	2	0	0	0	1	267	1	1	2	0	1	0	0	0	2	0	0	0	1	0	0	4	1	4	1	0	5	0	1	1	3	0	0	1	0	0	0	0	0	0	1	0	1	0	0	0	0	0	0	0	0	0	1	0	
1	1	5	0	4	2	0	1	4	0	2	0	1	2	3	0	2	5	0	4	2	0	0	0	0	0	1	0	2	0	1	0	0	1	1	0	2	3	4	1	1	0	0	7	2	1	3	0	1	0	0	0	3	0	0	1	2	0	3	0	0	2	0	0	5	0	1	1	0	0	0	0	1	0	0	0	0	0	8	0	1	1	0	0	0	4	0	0	1	1	2	3	1	1	0	0	0	0	0	0	0	0	3	1	0	0	0	0	4	1	1	0	0	3	1	0	2	0	10	1	0	0	0	0	1	1	1	0	1	5	0	0	4	0	0	0	0	0	0	0	0	0	0	0	0	0	2	0	0	0	0	0	315	0	2	0	0	5	0	0	0	1	2	0	0	0	1	3	1	0	1	0	0	1	1	0	0	0	0	0	0	0	0	1	1	1	1	2	0	1	0	0	0	0	1	1	2	0	1	1	
0	0	0	0	0	0	0	0	0	0	0	0	0	0	0	0	0	0	0	0	0	0	0	0	0	0	0	0	0	0	0	0	0	0	0	0	0	0	0	0	0	0	0	0	0	0	0	0	0	0	1	0	0	0	0	0	0	0	0	1	0	1	0	0	0	0	0	0	0	0	20	0	0	0	0	0	0	0	0	0	2	3	1	0	1	0	1	3	0	2	0	0	0	2	72	1	1	1	1	0	0	0	0	0	0	0	0	6	3	0	0	5	0	1	4	0	16	0	0	0	0	3	0	0	0	0	1	0	1	0	0	0	0	12	0	0	0	1	0	0	0	0	0	0	1	6	3	3	0	0	0	0	0	296	0	0	0	1	0	0	2	0	0	1	7	0	8	0	0	0	0	1	0	0	1	2	0	0	0	0	0	0	0	0	0	0	0	0	0	0	0	0	1	0	0	0	0	0	0	0	
0	0	0	0	0	0	0	0	0	0	0	1	0	1	0	0	0	0	0	0	0	0	0	0	0	0	0	0	0	0	0	0	0	0	0	0	0	0	0	0	0	0	0	0	0	0	0	0	0	1	0	0	0	0	0	0	0	1	0	0	0	2	0	0	6	0	5	0	0	0	0	1	1	0	0	0	0	0	3	0	0	3	1	0	2	1	0	2	0	1	0	2	0	0	3	8	14	1	1	0	0	2	1	7	0	0	0	0	6	0	0	0	0	2	0	0	1	0	1	0	0	1	0	0	3	0	1	1	1	8	0	0	0	0	0	0	0	1	0	0	0	0	0	0	0	3	11	0	0	0	0	1	0	0	296	0	0	14	0	0	0	0	6	1	1	14	4	0	1	0	34	3	0	2	1	0	0	0	0	0	0	0	0	0	0	0	0	0	0	0	0	0	0	0	2	3	0	5	1	0	
0	2	0	2	0	2	1	0	0	0	1	1	0	0	0	1	0	0	0	0	0	0	0	0	0	0	0	0	0	0	0	0	0	0	0	0	2	1	0	0	0	0	0	1	0	2	0	0	0	1	0	0	0	0	0	0	0	0	0	1	1	0	1	4	0	1	0	3	2	2	0	0	0	1	0	3	1	3	1	1	1	1	0	1	0	0	2	8	1	1	3	0	2	0	1	0	0	0	0	3	1	0	0	0	4	0	3	1	3	2	10	1	0	3	0	1	0	29	0	1	0	3	1	3	0	1	0	3	1	0	3	1	0	0	0	1	1	0	0	3	1	1	2	3	2	1	3	0	0	0	3	6	0	0	0	320	0	0	1	0	4	2	0	0	0	0	0	0	1	0	0	0	1	0	0	0	0	0	0	0	0	1	0	0	0	0	0	0	1	0	0	0	1	0	0	0	0	0	0	0	
0	0	1	1	1	2	0	3	0	0	1	0	0	1	0	0	0	0	0	0	1	0	0	0	2	2	0	2	1	1	1	2	1	0	1	0	0	2	0	0	0	0	0	1	0	2	1	0	1	1	0	0	0	2	0	0	2	1	0	0	8	0	3	2	3	4	1	4	1	2	1	0	0	0	3	4	2	15	0	1	6	1	0	9	0	6	0	0	5	0	7	2	1	2	1	1	1	0	0	1	5	0	2	0	1	5	10	0	4	2	1	1	1	4	3	1	5	3	1	6	3	0	0	10	0	3	3	3	1	0	1	3	0	1	2	0	2	1	5	0	1	2	0	0	6	1	0	2	0	2	7	1	2	1	2	2	197	1	2	2	4	3	0	1	1	0	0	0	3	5	0	1	1	2	2	2	3	0	1	3	2	0	0	0	0	0	1	1	0	1	0	0	0	4	0	0	0	0	0	1	
0	1	0	0	3	0	0	0	0	0	0	0	0	0	0	0	0	0	0	0	0	0	0	1	0	0	0	0	0	0	0	0	0	0	1	0	0	0	0	0	3	0	0	0	0	0	1	0	0	0	1	0	1	2	0	0	0	1	0	0	0	3	0	0	6	0	1	0	0	0	0	4	0	1	0	0	1	0	3	1	0	1	0	0	0	0	1	0	2	0	1	3	1	2	0	8	16	0	1	1	0	2	6	2	0	0	0	0	6	0	0	1	0	0	2	1	1	0	15	0	0	1	0	0	7	1	1	0	1	17	0	0	10	0	0	0	0	2	0	0	0	0	0	0	0	0	5	0	0	0	0	0	2	0	9	0	0	260	0	0	0	0	6	2	1	14	3	1	2	4	14	2	0	1	0	0	0	0	0	0	0	0	0	0	0	0	0	0	0	0	0	0	0	0	4	2	0	8	12	0	
0	0	0	0	0	1	1	0	0	0	0	1	0	0	0	0	0	1	0	0	1	0	1	1	2	2	1	1	1	2	0	0	0	0	0	1	0	0	0	0	0	1	0	1	0	0	0	0	0	4	0	2	2	4	1	0	0	0	0	3	4	2	8	7	1	5	1	2	9	1	1	3	1	0	9	1	4	0	1	3	0	0	4	1	3	8	0	0	0	2	1	4	0	0	0	1	2	0	0	1	2	0	3	1	2	1	2	3	4	0	0	1	2	2	8	6	1	0	2	4	17	2	0	5	2	1	0	2	3	2	1	4	0	0	3	1	5	1	2	4	1	0	1	3	4	1	0	1	11	0	4	1	1	0	0	0	1	5	188	0	0	0	2	3	2	3	2	0	6	2	0	10	1	2	0	0	3	0	2	1	3	0	0	0	1	0	2	0	2	1	0	1	0	0	1	1	0	0	3	0	
1	3	2	0	4	1	1	2	0	1	9	2	0	2	0	0	1	2	2	1	1	0	0	1	1	1	1	0	0	1	0	4	0	2	0	0	2	1	0	5	3	2	3	5	1	0	3	1	0	1	0	0	0	0	0	3	1	0	1	1	2	1	1	0	2	3	0	2	2	6	1	3	2	1	2	1	4	4	3	4	1	1	1	4	2	0	4	1	7	2	5	9	0	2	0	1	0	4	5	5	5	0	0	0	1	0	4	0	1	3	3	2	4	3	2	3	3	3	0	5	1	2	7	9	2	33	1	0	0	5	2	7	8	0	0	0	7	5	3	2	2	7	0	1	3	0	0	4	0	0	3	0	2	1	2	0	3	7	1	88	1	2	6	5	0	0	1	0	1	3	1	0	5	2	3	6	2	1	0	2	6	2	0	0	1	0	1	0	2	0	1	0	1	1	2	0	0	0	4	1	
0	1	0	0	0	0	0	0	0	0	0	3	0	1	0	1	0	0	0	0	0	2	1	0	0	0	0	1	0	0	0	1	0	0	0	0	0	0	0	0	0	1	0	0	0	0	1	2	0	1	0	0	0	0	0	0	0	0	1	0	0	2	2	1	0	1	0	5	0	5	0	0	2	2	1	4	1	2	0	0	2	0	0	3	0	1	1	2	0	2	2	0	0	2	0	0	0	1	2	0	0	0	3	0	2	0	2	0	0	3	3	0	0	5	1	0	0	1	0	0	1	0	1	1	0	0	2	5	0	0	3	0	0	0	0	0	1	1	1	0	1	0	0	1	4	0	0	3	0	2	2	0	0	1	0	1	2	1	0	1	333	2	0	0	1	0	0	2	0	0	0	0	14	1	3	1	0	0	2	1	2	1	2	1	1	0	0	0	2	1	0	0	0	10	0	0	0	0	0	2	
1	1	0	1	0	5	1	2	0	1	0	1	1	1	1	0	0	3	1	1	0	0	0	0	2	4	4	4	1	8	1	13	1	1	1	2	2	0	2	0	0	1	0	0	0	2	0	8	2	1	1	2	0	4	0	4	1	0	4	1	0	1	3	2	1	1	0	0	2	5	0	0	0	0	0	3	4	4	1	2	0	0	1	3	1	7	1	0	0	2	8	12	1	3	0	2	0	3	0	0	1	0	0	0	0	1	0	0	1	0	1	0	1	1	1	1	0	3	0	5	1	0	0	3	1	2	1	1	0	0	5	0	0	0	1	2	3	0	3	1	0	0	1	1	3	0	0	0	1	3	5	0	0	0	0	0	4	0	0	1	4	205	3	0	1	0	0	1	1	3	0	3	3	0	1	0	6	1	1	2	4	6	1	4	3	1	1	0	0	2	3	0	2	0	1	4	0	0	0	3	
0	0	0	0	4	1	1	1	0	0	3	1	1	0	6	0	0	1	0	2	0	0	0	0	0	0	0	0	0	0	1	0	0	0	0	0	0	0	0	0	2	0	0	0	1	0	1	0	1	1	1	2	2	3	0	0	2	4	0	1	0	4	0	0	11	1	20	1	0	0	0	3	0	0	0	0	4	0	10	3	0	0	0	0	0	5	0	0	0	1	0	7	0	0	1	1	5	0	4	0	0	0	5	3	0	0	0	0	1	0	0	2	0	1	5	0	0	0	4	0	0	0	2	0	1	1	1	1	0	13	1	0	1	1	2	1	1	0	0	0	0	0	0	0	0	4	0	0	0	2	0	0	4	0	2	1	0	9	0	0	0	0	262	0	2	11	4	0	1	1	8	1	0	1	0	0	0	0	0	0	0	0	0	0	0	1	0	0	0	0	2	0	1	0	3	5	1	2	1	0	
1	0	0	0	0	1	0	0	0	0	0	0	0	0	0	0	0	0	1	0	0	1	0	0	0	0	0	0	1	1	0	1	0	0	0	0	0	0	1	1	0	0	1	1	0	0	0	0	0	0	0	0	0	0	0	0	0	0	1	1	6	3	5	0	1	3	1	3	15	1	0	8	0	1	1	1	1	3	0	3	1	0	2	21	3	0	0	0	1	3	5	0	1	3	0	2	0	2	3	6	1	1	8	0	0	0	1	2	2	3	0	2	5	4	2	0	3	0	6	2	0	1	0	4	7	7	0	1	1	3	4	10	4	0	1	1	5	1	2	3	3	1	0	3	0	0	1	1	1	0	1	1	1	1	0	0	2	2	0	1	1	0	0	223	0	1	1	1	2	1	1	12	2	1	2	0	7	0	0	0	1	0	0	0	1	0	1	0	3	0	0	0	0	0	0	1	0	0	0	0	
1	0	0	0	1	0	0	0	0	0	0	0	0	0	0	0	0	0	1	0	0	0	0	0	0	0	0	0	0	0	0	0	0	0	0	0	0	0	0	0	0	0	0	1	0	0	0	0	0	2	0	1	2	1	0	0	0	1	0	0	1	5	0	0	3	2	5	3	0	0	2	1	0	0	0	0	1	0	0	1	1	0	4	0	5	0	1	0	0	1	0	0	0	7	2	2	2	2	4	0	0	0	1	3	0	0	1	4	8	0	0	12	1	0	13	2	4	0	6	3	0	1	0	0	0	0	1	0	2	7	0	1	0	3	0	1	0	0	0	0	0	0	1	1	0	5	1	0	0	0	0	1	1	0	2	0	1	2	1	0	1	0	2	0	315	7	4	2	1	0	1	4	0	0	0	0	5	0	0	0	0	0	0	0	0	0	0	0	0	0	0	0	0	0	0	0	0	1	1	0	
0	0	0	0	0	0	0	0	0	0	0	0	0	0	0	0	0	0	0	0	0	0	0	0	0	0	0	0	0	0	0	0	0	0	0	0	0	0	0	0	0	0	0	0	0	0	0	0	0	0	0	0	0	0	0	0	0	0	0	0	0	4	0	0	0	0	3	0	0	0	0	1	0	0	0	0	0	0	1	0	0	0	0	0	0	0	0	0	0	0	0	2	0	0	1	2	2	0	2	0	0	0	2	0	0	1	0	0	4	0	0	0	0	1	0	0	0	0	1	1	0	1	0	0	1	0	0	0	0	2	0	0	0	0	1	0	0	0	0	0	0	0	0	0	0	1	1	0	0	0	0	0	0	0	1	0	0	2	0	0	0	0	1	0	1	450	2	0	0	1	1	1	0	3	0	0	0	0	0	0	0	0	0	0	0	0	0	0	0	0	1	0	0	0	0	0	0	1	0	0	
0	0	0	0	0	0	0	0	0	0	0	0	0	0	0	0	0	0	0	0	0	0	0	0	0	0	0	0	0	0	0	0	0	0	0	0	0	0	0	0	0	0	0	0	0	0	0	0	0	0	0	0	0	0	0	0	0	0	0	0	0	1	0	0	1	1	1	0	0	0	2	0	1	0	0	0	0	0	0	0	0	1	0	0	0	0	0	0	0	0	0	0	0	1	1	1	0	0	1	0	0	0	1	0	0	0	0	0	6	0	0	0	0	0	1	0	5	0	1	0	0	1	0	0	0	0	1	1	2	0	0	0	0	3	0	0	0	0	0	0	0	0	0	0	0	11	3	0	0	0	0	0	0	0	0	0	0	1	0	0	0	0	0	0	1	0	450	0	0	0	0	0	0	0	0	0	0	0	0	0	0	0	0	0	0	0	0	0	0	0	0	0	0	0	0	0	0	0	0	0	
0	0	0	0	0	0	0	0	0	0	0	0	0	0	0	0	0	0	0	0	0	0	0	0	0	0	0	0	0	0	0	0	0	0	0	0	0	0	0	0	3	0	0	1	0	0	0	0	0	0	0	0	1	0	0	0	0	0	0	0	3	5	1	0	11	13	0	1	2	1	0	0	3	0	0	0	1	0	0	1	0	1	0	0	1	0	7	2	0	0	0	2	2	5	0	1	0	4	4	4	0	1	3	4	0	0	0	1	4	1	2	3	0	2	0	0	1	0	3	2	3	0	2	2	1	4	1	6	18	6	0	2	0	0	0	0	0	0	2	0	11	0	4	0	0	1	2	2	0	0	1	5	2	0	2	0	0	3	0	1	0	0	1	0	2	2	5	290	0	4	0	4	1	0	0	1	1	0	0	0	1	0	0	0	0	0	0	0	0	0	0	0	0	0	0	0	0	0	0	0	
0	0	0	0	0	1	0	1	0	0	0	2	0	0	3	0	0	1	1	3	0	1	0	1	1	0	0	0	0	0	0	0	0	0	0	0	1	0	0	1	5	0	0	0	0	1	0	0	0	1	0	0	0	3	0	2	0	2	0	2	3	2	6	1	11	6	2	2	0	7	2	5	0	2	1	2	8	1	3	4	2	1	0	1	0	2	2	0	1	2	3	0	1	4	1	4	2	0	2	1	2	2	3	0	0	0	0	2	3	0	0	6	0	7	4	1	1	0	5	3	3	1	2	2	2	5	0	2	1	5	0	3	3	0	0	0	1	4	3	4	0	1	0	0	2	0	1	0	0	0	6	0	4	0	2	0	1	4	0	0	0	0	3	2	2	3	2	3	222	2	2	10	0	2	1	0	5	0	0	0	1	0	0	0	1	2	1	1	0	1	1	0	0	0	0	0	0	1	1	0	
0	0	0	0	0	0	0	0	0	0	1	0	0	1	0	0	0	1	0	0	0	0	0	0	1	0	0	0	0	0	0	0	0	0	0	0	0	0	0	1	0	0	0	1	0	0	0	0	0	0	0	0	0	1	0	0	0	1	0	0	10	29	12	4	1	5	0	1	0	1	0	0	0	0	1	1	3	2	4	3	0	0	0	2	0	9	0	0	0	2	7	2	0	4	0	1	0	2	2	1	1	0	4	2	0	7	2	0	5	0	0	2	3	3	2	0	1	0	2	5	1	0	0	1	0	1	6	1	8	5	0	1	0	0	1	0	0	0	3	1	2	0	1	0	1	0	1	0	0	2	3	0	0	0	0	0	1	2	1	0	1	2	1	3	1	2	0	3	8	268	3	1	1	0	1	1	2	0	1	0	1	0	0	0	0	1	0	0	0	0	0	0	0	0	0	0	0	0	0	0	
0	0	2	0	1	0	0	0	0	0	1	0	0	0	0	0	0	0	0	1	0	0	0	1	0	0	0	0	0	0	0	0	0	0	1	0	0	0	0	0	1	0	0	0	0	0	0	0	0	0	0	0	1	1	0	0	0	0	0	0	0	0	0	0	3	0	7	0	0	0	0	0	0	0	0	0	1	0	0	0	0	0	0	0	0	0	0	0	0	1	0	1	0	0	0	2	8	0	0	0	0	1	0	2	0	0	0	0	0	0	0	0	0	1	0	1	1	0	3	0	0	0	0	0	2	0	1	0	0	7	0	0	0	1	0	0	0	0	0	0	0	0	0	0	0	2	3	0	0	0	0	1	0	0	7	0	0	8	0	0	0	0	4	0	3	11	2	0	0	0	387	1	0	0	0	0	1	0	0	0	0	0	0	0	0	0	0	0	0	0	0	0	0	0	3	3	0	5	6	0	
1	0	0	0	0	0	0	0	0	0	0	1	0	0	0	0	0	1	0	0	1	0	0	0	0	0	0	0	0	0	0	0	0	0	0	0	0	0	0	0	0	0	0	0	0	0	0	0	0	0	0	1	0	3	0	0	0	1	0	0	1	1	1	1	0	3	0	0	23	0	1	1	1	1	4	1	3	2	0	0	4	1	0	0	0	0	0	0	0	1	2	1	1	2	0	6	0	6	1	1	4	2	1	0	0	0	0	3	1	0	1	5	0	2	0	1	0	0	4	0	1	0	0	2	1	3	0	0	0	0	0	1	3	0	0	1	1	2	0	1	3	0	0	3	2	3	0	1	1	0	1	0	0	1	0	0	0	0	1	1	1	0	1	7	1	0	2	1	2	1	2	339	0	0	0	0	4	0	0	0	0	0	0	0	0	0	0	1	0	0	0	0	0	1	0	0	0	0	1	0	
0	0	1	0	0	2	0	1	0	0	0	0	0	1	0	0	1	0	0	0	2	0	0	0	0	1	0	0	0	1	0	0	1	0	0	0	0	0	0	0	0	0	0	1	0	1	0	1	1	0	0	1	0	2	0	0	0	1	0	2	1	4	11	7	0	2	1	15	2	6	0	0	18	2	1	0	2	1	3	2	8	1	1	5	1	2	2	0	2	1	4	4	0	5	0	0	2	4	4	0	0	0	4	0	0	0	0	1	3	5	0	0	4	6	3	2	0	2	0	3	1	1	0	2	1	1	1	4	4	1	10	6	1	1	1	1	10	0	4	1	6	1	1	1	5	1	2	1	2	1	5	3	0	0	0	1	0	1	1	0	23	1	0	1	0	2	0	4	3	4	0	3	174	1	1	1	2	0	0	1	3	2	1	0	2	2	1	1	1	0	0	0	0	4	1	0	0	0	0	0	
0	0	0	0	0	0	0	0	0	0	0	0	0	0	0	0	0	0	0	0	0	0	0	0	0	0	0	0	0	0	0	0	0	0	0	0	0	0	0	0	0	0	0	0	0	0	0	0	0	0	0	0	0	2	0	0	0	1	0	0	1	1	0	0	3	0	2	0	0	1	0	5	2	0	0	0	1	0	1	2	0	0	0	1	0	0	0	0	0	0	0	0	0	0	0	2	0	0	0	0	0	2	0	0	0	0	0	0	0	0	0	1	0	5	0	1	0	0	1	0	1	0	0	1	5	0	0	0	0	4	0	0	3	0	0	0	0	1	0	0	0	0	1	2	0	1	3	0	0	0	0	2	0	0	1	2	0	3	0	0	0	0	1	0	2	11	2	0	2	0	2	0	0	413	0	0	0	0	0	0	0	0	0	0	0	0	0	0	0	0	0	0	0	0	1	0	0	0	1	0	
0	0	3	0	0	1	0	1	1	0	1	1	0	1	1	0	0	1	0	2	0	0	0	1	0	0	0	0	1	0	0	0	1	0	0	0	0	0	0	0	0	0	0	0	0	0	0	0	1	0	0	0	0	0	0	2	0	0	0	0	0	2	0	3	0	10	0	3	3	2	0	0	2	0	0	1	1	0	1	2	6	1	3	3	2	1	1	0	0	1	1	1	1	2	1	0	0	3	4	3	1	0	3	0	30	0	0	1	1	1	0	2	0	2	1	0	0	2	0	0	0	0	1	2	0	1	0	0	0	0	0	2	0	0	0	1	6	2	3	1	2	1	2	1	5	0	0	3	0	0	9	1	0	1	0	0	3	0	1	0	3	1	0	1	1	0	0	0	2	0	0	4	2	0	247	4	1	5	11	4	1	1	3	5	0	2	0	3	0	0	4	7	8	5	0	0	0	0	0	0	
0	1	1	1	1	6	1	3	0	0	1	1	0	0	0	1	4	2	2	1	1	1	1	1	2	2	2	1	1	0	0	0	0	0	0	0	1	1	0	0	0	2	0	0	0	2	1	1	1	0	1	0	0	1	0	0	0	0	1	2	4	0	5	0	5	6	1	1	2	6	0	0	3	1	2	1	1	6	3	3	3	1	0	3	0	4	0	2	1	2	6	3	1	4	1	1	0	0	2	9	2	0	0	0	9	0	1	0	0	7	1	2	1	9	1	0	0	6	1	1	3	0	4	5	3	7	3	2	1	2	2	11	2	0	0	0	7	1	4	1	1	1	3	2	9	0	0	4	0	3	5	0	2	0	0	2	1	1	0	0	4	2	2	0	0	0	0	0	0	7	3	3	5	1	16	100	1	9	5	5	9	3	3	1	0	2	6	1	7	0	7	3	7	9	0	0	0	0	1	0	
0	0	0	0	0	3	0	0	0	0	0	0	0	0	0	0	0	0	2	1	0	0	0	0	0	0	0	0	1	0	0	0	0	0	0	0	0	1	1	0	0	0	0	0	0	0	0	0	0	0	0	0	0	0	0	0	0	0	0	1	1	2	3	0	0	2	0	1	2	1	0	0	0	0	1	0	0	0	1	0	1	0	2	0	0	0	0	0	0	0	6	0	0	6	0	1	0	2	0	1	0	0	1	0	0	0	1	1	2	0	0	0	0	0	0	0	0	0	1	1	0	0	0	2	0	1	0	1	3	0	1	0	0	0	0	0	2	0	1	0	1	1	0	0	0	0	4	0	1	0	1	0	0	0	0	0	0	0	0	0	0	1	0	2	0	0	2	1	3	1	0	2	0	1	0	1	415	0	0	0	0	1	0	0	0	0	0	0	0	0	0	0	0	0	0	0	1	0	0	0	
0	0	0	0	0	1	0	0	0	0	0	0	0	0	0	0	1	0	3	1	0	0	0	0	0	3	0	1	1	0	0	0	0	0	0	0	0	0	1	0	0	0	0	0	0	0	0	1	1	0	0	0	0	0	0	0	0	0	0	1	0	0	1	0	0	3	0	1	0	0	0	0	0	0	0	2	0	0	0	0	2	1	2	5	0	1	0	0	0	1	0	0	0	2	0	0	0	0	0	0	1	0	0	0	4	0	1	1	0	0	1	0	0	2	0	0	1	1	0	0	0	0	0	0	0	0	0	0	0	0	1	1	0	0	1	0	6	0	1	0	0	1	0	1	3	0	0	0	1	0	3	0	1	1	0	2	1	0	0	2	2	1	0	0	1	0	0	0	0	1	1	1	0	0	1	1	3	280	16	11	2	10	20	6	3	1	0	0	2	1	32	4	18	8	0	0	0	0	0	0	
0	0	1	6	0	1	0	0	0	0	0	0	0	0	4	1	0	3	2	0	0	0	0	0	1	0	1	0	0	0	0	0	0	0	0	0	0	0	2	0	0	0	0	0	0	4	3	1	0	0	1	0	0	0	0	0	0	0	1	0	0	0	0	0	0	0	2	0	0	0	0	0	0	1	0	0	1	0	0	0	4	0	0	1	0	0	0	0	1	1	0	1	0	2	0	0	0	1	1	0	0	0	1	0	5	0	0	0	0	0	0	1	0	3	0	0	0	1	0	1	0	0	0	1	0	1	0	0	0	1	1	0	0	0	0	0	4	1	0	1	0	0	0	0	1	0	0	0	1	1	3	0	0	0	0	0	0	0	0	0	1	2	1	0	1	0	0	0	1	0	1	0	1	0	11	2	2	20	280	3	0	3	27	13	6	0	2	2	2	3	9	7	20	0	0	0	2	0	0	2	
0	0	0	0	0	6	3	2	0	0	0	0	0	2	1	0	0	2	4	0	0	1	0	0	0	2	1	0	0	1	1	1	0	0	0	0	0	0	0	1	0	0	1	1	0	0	0	2	0	0	0	1	0	1	0	0	1	0	0	0	1	1	1	1	0	2	0	3	3	3	0	1	0	0	0	1	1	4	0	0	13	0	2	5	0	0	0	0	0	0	6	1	0	1	1	0	0	0	2	0	0	0	0	0	6	1	0	1	0	1	0	0	0	6	0	1	0	2	0	0	1	0	0	3	0	0	0	1	0	0	1	2	0	0	1	0	5	2	1	0	0	2	1	2	6	0	0	0	0	0	3	1	1	1	0	1	2	0	1	0	19	4	0	1	0	0	0	0	2	0	0	1	2	0	6	3	1	31	5	172	3	13	30	9	4	1	1	9	4	5	8	1	14	7	0	0	0	0	0	0	
0	1	0	0	0	1	0	0	0	0	0	0	1	0	0	0	0	0	0	0	0	1	0	0	2	2	1	3	0	0	0	0	0	0	1	0	0	0	1	0	0	0	1	0	1	0	0	3	0	2	0	1	0	2	0	1	3	1	3	0	2	1	1	1	1	7	0	1	3	3	1	1	1	0	4	3	1	10	0	6	2	0	0	5	0	2	0	0	0	3	8	1	0	3	0	1	0	2	0	1	0	0	2	0	0	0	2	2	1	0	1	2	2	6	2	0	1	0	0	4	3	1	1	14	1	3	0	0	1	1	4	11	0	0	3	1	10	0	5	1	6	2	0	5	1	0	0	1	0	1	7	1	0	0	0	1	8	0	2	0	2	4	1	2	1	1	0	0	2	4	2	10	5	1	2	2	2	1	0	3	205	3	1	0	5	1	2	5	3	2	0	0	0	0	0	0	0	0	0	1	
3	0	1	0	0	2	0	0	0	0	0	1	0	1	2	0	0	2	2	2	1	0	1	0	0	1	0	1	0	0	0	0	0	0	0	0	0	0	2	0	1	1	1	0	0	0	1	0	0	0	0	1	0	0	1	0	1	0	0	1	4	1	0	2	0	3	0	1	0	1	1	0	2	1	1	0	3	3	0	1	1	0	0	1	1	0	0	2	5	0	1	1	0	7	2	0	0	0	1	1	0	0	2	0	6	0	2	0	1	1	0	1	1	0	1	0	0	6	0	1	0	0	1	3	0	0	1	0	0	0	0	0	0	0	0	2	5	0	0	0	0	2	1	0	6	0	1	1	0	1	3	0	0	1	0	0	3	0	0	0	2	3	1	0	1	0	0	0	2	0	0	3	1	0	1	2	2	7	4	8	6	274	5	2	1	1	0	5	7	4	5	4	15	3	0	0	1	0	0	0	
1	0	2	0	0	1	0	1	0	0	0	2	1	1	0	0	0	2	0	0	0	0	0	1	1	4	1	0	0	0	0	2	0	0	2	0	1	0	0	0	0	0	0	0	0	1	0	0	1	0	0	0	0	6	0	0	0	0	0	0	0	0	1	1	1	0	0	0	1	1	0	0	0	0	0	0	1	0	0	0	2	0	1	1	0	1	0	0	0	1	1	0	0	2	0	0	0	0	0	0	0	0	1	0	11	0	0	0	0	1	0	0	0	4	0	0	0	0	0	0	1	0	0	0	0	0	0	0	0	0	1	1	0	0	0	0	2	0	0	0	0	0	0	1	2	0	0	0	0	1	0	1	0	0	0	0	0	0	0	0	4	2	0	0	0	0	0	0	2	0	0	0	0	0	4	2	0	38	13	18	0	2	234	12	2	2	1	5	2	1	35	1	42	4	0	0	0	0	0	1	
1	0	2	0	0	5	1	0	0	0	0	0	4	1	7	1	0	1	1	0	0	1	0	1	0	0	1	1	0	1	0	2	0	0	3	0	2	0	1	2	0	0	0	0	0	7	1	5	0	0	0	2	0	1	1	2	1	0	1	0	0	0	2	0	0	2	0	1	0	1	0	0	1	1	0	1	0	0	0	0	1	0	1	1	0	2	0	0	1	0	1	7	0	3	0	0	0	0	2	1	0	1	1	0	1	1	1	0	0	0	0	0	1	0	0	0	0	0	1	2	0	0	0	1	0	0	0	0	0	0	2	0	0	0	0	0	1	0	0	0	0	0	0	1	1	0	0	0	1	3	3	0	1	0	0	0	0	0	0	0	0	2	0	0	0	0	0	0	2	2	0	1	0	0	1	0	1	10	7	7	0	2	14	311	1	4	1	0	0	1	2	0	11	0	0	0	3	0	0	5	
1	1	4	0	0	1	0	0	0	1	0	1	1	1	2	0	1	0	0	0	1	0	0	0	0	0	0	0	0	0	0	0	1	0	0	0	3	1	1	1	2	0	2	0	1	4	0	0	0	0	0	0	0	0	0	2	0	0	6	1	3	0	0	2	1	0	0	2	0	0	0	0	0	0	1	0	1	0	0	0	1	0	0	3	0	0	0	0	0	0	1	0	0	2	0	0	0	0	0	0	1	0	0	0	1	0	0	0	0	1	0	0	0	0	1	0	0	1	5	0	0	0	0	0	0	0	0	0	0	1	1	0	0	0	0	0	0	0	2	0	0	0	1	0	1	0	0	0	0	3	0	0	0	1	0	0	0	0	0	1	6	2	0	2	1	0	0	0	1	0	0	0	1	0	1	0	1	2	3	4	4	2	1	4	331	0	10	15	3	6	3	0	3	0	0	0	0	0	0	16	
1	2	3	2	0	6	3	0	0	0	1	6	1	3	6	2	2	4	0	0	4	2	1	0	0	0	0	1	0	0	1	1	0	0	0	0	1	0	3	3	0	0	1	4	2	6	5	1	0	0	0	0	0	2	0	0	2	2	5	0	0	1	1	1	0	0	2	1	0	0	0	0	0	0	0	0	0	1	1	1	0	0	0	0	1	1	0	0	1	1	1	10	0	2	0	1	1	0	0	0	0	0	3	0	0	0	0	0	0	0	0	0	0	6	3	0	0	1	1	0	0	0	1	0	1	0	0	0	0	1	1	1	0	0	0	0	1	0	0	0	0	0	0	2	3	1	0	1	1	0	3	0	0	0	2	0	0	0	0	0	2	0	2	0	1	2	0	0	1	2	1	0	3	2	3	0	3	0	1	1	0	3	4	2	5	291	2	3	0	8	0	0	2	0	1	0	1	0	0	4	
3	0	0	0	0	0	0	1	0	0	0	0	0	2	0	0	0	2	1	1	1	0	0	0	1	0	0	0	0	0	0	0	1	0	0	0	2	1	2	1	0	1	0	0	0	2	3	0	0	0	0	0	0	0	0	0	0	0	0	2	0	0	0	0	0	0	0	1	0	0	0	0	3	1	0	1	0	0	0	0	7	0	1	2	0	0	0	0	1	1	0	0	0	0	1	0	0	0	1	0	1	0	1	0	0	0	0	0	0	0	0	0	0	4	1	0	0	2	0	0	0	0	0	1	0	0	0	0	0	0	3	1	0	0	0	0	0	0	1	0	0	0	0	0	2	0	0	0	0	0	0	0	1	1	0	0	0	0	0	1	3	0	0	1	0	0	1	0	0	0	0	2	0	0	1	3	3	4	4	4	1	5	1	0	15	1	284	59	12	8	1	1	9	6	0	0	0	0	0	4	
0	0	1	0	0	0	1	0	0	0	0	0	0	0	2	2	0	1	0	0	0	0	0	0	0	0	0	0	0	0	0	0	0	0	0	0	1	0	0	1	1	1	1	0	0	3	0	1	0	0	0	0	0	1	0	0	0	0	0	0	1	0	1	0	0	0	0	1	1	0	0	0	1	0	0	1	0	0	0	0	0	0	0	2	0	0	0	0	1	0	0	0	1	1	0	0	0	0	0	0	0	0	1	0	1	0	0	1	0	1	0	0	0	4	1	0	0	2	1	0	0	0	0	0	0	0	0	0	0	1	2	1	0	0	0	0	0	0	0	0	0	0	0	1	1	1	0	0	0	1	1	0	2	0	1	0	2	0	0	1	4	0	0	1	0	0	0	0	2	0	1	0	0	0	2	0	1	0	0	0	0	1	1	0	7	1	36	354	10	4	0	0	2	2	0	0	0	0	0	16	
1	0	0	0	0	1	0	0	0	0	1	0	0	2	2	0	2	0	0	0	0	1	3	4	0	0	0	0	0	0	2	0	1	0	0	0	1	4	2	0	1	2	2	1	0	4	0	0	0	0	0	0	0	1	0	2	0	0	0	2	2	0	1	0	1	1	0	2	0	0	1	1	0	0	0	2	0	2	1	2	0	0	2	4	1	0	0	0	0	0	1	0	0	6	0	0	0	0	1	2	1	0	0	0	0	1	0	0	0	1	0	1	0	3	1	0	0	2	0	0	1	0	1	0	0	0	1	0	0	0	3	0	0	0	0	2	1	1	3	0	0	4	1	1	5	0	0	0	0	1	2	0	2	2	0	0	0	0	0	1	7	4	0	0	0	0	0	0	5	4	1	2	2	0	0	6	3	1	2	6	2	3	1	1	6	0	9	30	278	2	0	0	2	0	0	0	0	0	0	6	
5	0	1	0	0	2	0	0	0	0	0	1	0	2	0	2	0	4	2	1	0	0	0	0	2	1	1	0	0	0	0	1	0	1	0	0	4	2	5	1	1	2	0	0	0	2	1	3	0	0	0	0	0	1	0	1	0	0	3	3	0	3	2	0	0	0	0	0	0	0	0	0	1	0	0	0	4	0	1	1	0	0	0	4	0	0	0	0	0	0	5	0	0	0	0	0	0	0	0	1	0	0	0	0	0	0	0	1	0	0	1	0	0	4	0	1	0	3	0	0	0	0	0	0	0	0	0	0	0	0	1	2	1	0	2	1	0	0	0	0	0	0	0	2	2	0	0	0	0	0	2	0	2	2	0	0	4	0	0	0	5	0	1	2	0	0	0	0	0	0	0	0	1	0	1	1	0	7	4	2	0	12	6	1	25	7	15	11	2	267	1	6	2	1	0	0	0	0	0	12	
0	0	1	0	1	0	2	0	0	0	1	0	0	0	7	0	1	2	2	0	0	0	0	0	0	5	0	0	0	0	0	2	0	1	1	1	0	0	1	1	1	0	0	0	0	0	2	3	1	1	1	0	0	2	0	0	0	1	1	0	0	2	0	3	0	1	0	0	1	0	0	0	0	0	0	0	0	0	2	0	0	0	2	1	0	1	0	1	1	6	1	1	0	4	1	0	0	1	3	0	0	0	2	0	6	0	0	0	1	0	0	0	0	1	0	0	0	2	1	0	0	0	0	0	0	0	0	0	0	1	0	0	1	0	1	0	0	0	0	0	1	1	0	0	2	1	0	0	0	0	1	0	1	0	0	1	0	0	0	1	2	1	0	1	0	0	0	0	0	1	0	0	1	0	8	3	1	29	6	2	0	9	28	4	1	2	1	1	0	4	243	17	30	3	0	0	2	0	0	1	
0	0	0	0	0	0	0	1	0	0	0	0	0	0	0	0	0	4	2	1	0	0	0	0	2	1	0	0	1	0	0	1	0	0	1	0	0	0	1	0	0	1	0	0	0	1	0	0	0	0	0	1	0	0	0	0	0	0	1	0	0	0	1	0	0	0	0	0	0	0	0	0	0	0	0	0	0	0	0	0	0	0	5	0	0	0	0	0	0	2	1	0	0	7	0	1	0	1	1	0	1	0	0	0	3	0	0	0	0	0	0	0	0	1	0	1	0	1	1	0	0	0	0	0	0	0	0	0	0	0	1	0	0	0	0	0	2	0	0	0	1	0	0	0	0	0	0	0	0	0	2	0	0	0	0	0	0	0	0	0	1	0	0	0	0	0	0	0	1	1	0	0	1	0	5	2	1	14	8	1	0	7	8	1	0	0	0	0	0	5	20	331	39	0	0	1	1	0	0	0	
0	0	0	1	0	1	0	2	0	0	1	0	0	1	1	1	0	0	1	0	0	0	0	0	1	1	0	0	0	0	0	0	0	0	0	1	0	0	1	1	1	0	1	0	0	0	0	2	0	0	0	0	0	0	0	0	0	0	1	0	0	0	1	0	0	0	0	0	0	0	0	0	0	0	0	0	0	0	1	0	0	0	1	1	0	0	0	1	0	1	0	0	0	1	0	0	0	0	0	0	0	0	0	0	5	0	0	0	0	0	0	0	0	0	0	0	0	0	0	0	0	0	0	1	0	0	0	0	0	0	0	1	0	0	0	0	1	0	0	0	0	0	0	0	0	0	0	0	2	0	1	0	0	0	0	0	1	0	0	0	2	0	0	0	0	0	0	0	0	0	0	1	1	0	3	3	1	9	7	7	0	8	36	5	0	0	0	2	0	0	10	8	350	8	0	0	0	0	0	1	
0	0	0	0	0	0	0	0	0	0	0	0	0	0	0	0	0	0	0	0	0	0	0	1	0	0	0	0	0	0	0	1	0	0	0	0	0	0	0	0	0	0	0	0	0	0	0	0	1	0	0	0	0	0	0	0	0	0	0	0	0	0	0	0	0	2	0	8	0	1	0	0	4	1	0	0	1	0	0	0	14	1	0	3	1	0	0	0	0	0	0	0	0	0	0	0	0	0	1	0	0	0	0	0	4	1	0	0	0	4	0	0	0	3	0	0	0	9	0	0	0	0	0	0	0	0	1	0	0	0	0	1	0	0	0	2	5	0	1	0	1	0	0	0	0	0	0	0	0	0	0	1	0	0	0	0	1	0	0	0	4	0	0	0	0	0	0	0	0	0	0	0	1	1	1	2	0	3	0	2	0	2	1	0	0	1	1	4	1	0	1	0	8	393	0	0	0	0	0	0	
0	1	0	1	1	0	0	0	0	0	1	2	1	1	1	0	0	1	0	1	0	0	1	4	0	0	0	1	0	0	1	0	0	0	1	0	0	0	0	0	0	0	0	0	0	0	3	0	0	1	7	5	1	6	0	0	0	3	0	0	1	0	0	0	0	0	20	0	1	1	0	2	0	0	0	0	0	0	1	0	0	0	0	0	1	0	0	0	0	0	0	8	0	0	2	2	7	0	1	0	0	1	0	1	0	1	0	0	1	0	0	1	0	0	3	1	1	0	4	1	0	0	1	0	1	0	0	0	0	3	0	0	2	0	0	0	0	0	0	4	0	0	0	1	0	3	0	0	2	0	0	0	0	0	3	0	0	12	1	1	0	0	11	0	1	3	0	1	1	0	19	4	0	1	0	0	2	0	0	0	1	0	0	0	0	0	0	0	0	0	0	0	0	0	260	19	3	18	15	0	
1	1	0	0	2	0	0	1	0	2	0	4	2	0	1	0	1	0	0	5	0	0	1	1	0	1	0	0	0	0	2	0	0	0	0	1	0	0	0	0	0	0	0	0	0	0	6	0	0	3	4	2	1	5	2	0	1	5	0	0	0	0	0	0	0	0	11	1	0	1	0	7	1	0	0	0	0	0	9	2	0	0	0	0	0	2	0	0	0	0	0	46	0	0	0	0	13	0	0	0	0	1	3	0	0	0	0	1	3	0	0	0	0	0	4	8	0	0	4	1	0	0	1	0	1	0	1	0	0	6	0	0	2	0	0	0	0	0	0	2	0	0	0	0	0	0	0	0	0	0	0	1	2	0	4	0	0	8	0	0	0	0	12	0	4	9	0	0	0	1	22	0	0	1	0	0	0	0	0	0	0	0	0	0	0	0	0	0	0	1	1	0	0	0	26	188	4	13	17	0	
1	5	3	1	3	0	1	0	0	0	2	1	2	6	37	0	0	17	0	3	1	1	0	8	0	0	0	0	0	0	0	0	0	1	0	2	0	0	1	1	0	0	0	0	0	2	8	0	0	0	1	6	2	2	1	0	1	1	2	0	0	0	0	0	0	0	0	0	1	0	0	0	0	0	0	0	1	0	0	0	1	0	2	0	0	1	0	0	0	0	1	4	1	5	0	0	0	0	0	0	0	1	2	1	0	0	0	0	0	0	0	0	0	0	0	0	0	0	3	0	0	0	1	0	0	0	0	0	0	2	0	0	0	0	0	0	0	0	0	0	0	0	1	3	0	0	1	0	6	1	0	0	7	0	0	0	0	0	0	0	0	0	2	1	4	0	0	0	1	0	0	0	0	0	0	0	3	0	2	0	0	2	1	8	1	3	0	2	0	1	0	2	0	0	3	2	291	0	1	1	
0	0	0	0	10	0	0	1	0	0	1	14	0	0	0	0	0	0	1	1	1	0	0	1	0	0	0	0	0	0	1	0	0	0	1	0	0	0	0	1	0	0	0	0	0	0	1	0	0	0	2	0	5	2	0	0	0	2	0	0	0	0	0	0	1	1	17	0	1	1	0	2	0	0	0	0	0	0	6	5	0	0	0	0	2	0	0	1	0	0	0	6	1	0	0	5	17	1	1	0	0	1	14	5	0	0	0	1	10	0	0	2	0	1	7	12	0	0	8	1	0	2	0	0	3	0	0	0	0	13	0	1	7	1	0	0	0	1	0	3	0	0	1	0	0	6	3	0	4	0	0	0	1	0	4	0	0	16	3	1	1	0	7	0	0	4	4	0	3	1	21	1	0	0	0	0	0	0	0	0	0	0	0	0	0	0	0	0	0	0	2	0	0	0	13	14	7	133	44	0	
0	0	0	0	2	0	0	0	0	0	0	5	0	0	0	0	0	0	0	0	3	1	1	0	0	0	0	0	1	0	0	0	0	0	0	2	0	0	0	0	0	0	0	0	0	0	1	0	0	0	1	0	1	3	0	0	0	1	0	0	1	0	0	0	3	0	5	0	0	1	1	3	0	1	2	0	0	0	2	0	0	2	1	0	0	0	0	0	0	0	0	4	0	0	1	6	15	0	1	0	0	2	4	2	0	0	0	1	2	0	0	1	0	2	2	10	0	0	4	0	0	0	0	0	1	0	0	0	0	4	1	0	1	0	0	0	0	1	0	3	0	0	0	0	0	1	1	0	3	0	0	0	0	0	7	0	0	8	5	1	0	0	5	0	1	2	4	0	3	0	11	2	0	0	0	0	1	0	0	0	0	0	0	0	0	1	0	0	0	0	0	0	0	0	15	24	2	39	252	0	
1	3	1	1	0	4	2	0	0	0	2	4	2	3	1	11	6	5	0	3	2	0	0	1	3	1	0	1	2	0	1	1	1	0	0	1	2	2	2	4	4	2	1	8	0	25	2	3	0	2	1	3	1	2	1	1	1	2	6	0	0	0	0	1	0	0	0	1	0	3	0	0	0	1	0	3	2	1	1	1	2	1	1	0	0	1	0	0	1	1	0	5	0	3	0	0	0	0	0	0	1	0	2	0	0	1	0	0	0	0	0	1	0	4	4	1	0	4	5	2	1	0	2	0	0	1	0	0	0	0	1	0	1	0	2	0	0	1	1	0	0	0	0	5	1	0	0	1	0	1	1	0	6	1	0	0	0	0	0	1	6	2	1	0	0	0	0	0	1	0	1	0	0	0	3	0	1	3	0	1	0	3	0	12	14	9	2	13	1	5	1	1	2	0	0	0	3	0	0	196	
n01443537
n01629819
n01641577
n01644900
n01698640
n01742172
n01768244
n01770393
n01774384
n01774750
n01784675
n01855672
n01882714
n01910747
n01917289
n01944390
n01945685
n01950731
n01983481
n01984695
n02002724
n02056570
n02058221
n02074367
n02085620
n02094433
n02099601
n02099712
n02106662
n02113799
n02123045
n02123394
n02124075
n02125311
n02129165
n02132136
n02165456
n02190166
n02206856
n02226429
n02231487
n02233338
n02236044
n02268443
n02279972
n02281406
n02321529
n02364673
n02395406
n02403003
n02410509
n02415577
n02423022
n02437312
n02480495
n02481823
n02486410
n02504458
n02509815
n02666196
n02669723
n02699494
n02730930
n02769748
n02788148
n02791270
n02793495
n02795169
n02802426
n02808440
n02814533
n02814860
n02815834
n02823428
n02837789
n02841315
n02843684
n02883205
n02892201
n02906734
n02909870
n02917067
n02927161
n02948072
n02950826
n02963159
n02977058
n02988304
n02999410
n03014705
n03026506
n03042490
n03085013
n03089624
n03100240
n03126707
n03160309
n03179701
n03201208
n03250847
n03255030
n03355925
n03388043
n03393912
n03400231
n03404251
n03424325
n03444034
n03447447
n03544143
n03584254
n03599486
n03617480
n03637318
n03649909
n03662601
n03670208
n03706229
n03733131
n03763968
n03770439
n03796401
n03804744
n03814639
n03837869
n03838899
n03854065
n03891332
n03902125
n03930313
n03937543
n03970156
n03976657
n03977966
n03980874
n03983396
n03992509
n04008634
n04023962
n04067472
n04070727
n04074963
n04099969
n04118538
n04133789
n04146614
n04149813
n04179913
n04251144
n04254777
n04259630
n04265275
n04275548
n04285008
n04311004
n04328186
n04356056
n04366367
n04371430
n04376876
n04398044
n04399382
n04417672
n04456115
n04465501
n04486054
n04487081
n04501370
n04507155
n04532106
n04532670
n04540053
n04560804
n04562935
n04596742
n04597913
n06596364
n07579787
n07583066
n07614500
n07615774
n07695742
n07711569
n07715103
n07720875
n07734744
n07747607
n07749582
n07753592
n07768694
n07871810
n07873807
n07875152
n07920052
n09193705
n09246464
n09256479
n09332890
n09428293
n12267677
